timeForPointcloud,frameInfo,total_point_num
2025-03-28 16:06:55.159,"[[-10, 72, -36, -12, 2300], [-10, 72, -45, -12, 2000]]",2
2025-03-28 16:06:55.262,"[[-3, 74, -24, 12, 1900], [-7, 77, -26, 12, 2000], [-8, 124, -2, -12, 1800], [-7, 128, -2, -12, 2400], [-5, 132, 2, -12, 2200], [-2, 159, 3, -12, 2300], [-3, 163, 5, -12, 2700], [-4, 167, 0, -12, 2300], [4, 208, 30, -12, 2100], [2, 212, 28, -12, 2600]]",10
2025-03-28 16:06:55.369,"[[-1, 53, -9, 12, 2400], [0, 58, -7, 12, 2300], [-12, 75, -28, 12, 2300], [-8, 128, -3, -12, 3100], [-10, 132, 2, -18, 1700], [-9, 132, -4, -12, 3100], [-9, 136, -3, -12, 2900], [-8, 139, 0, -12, 1800], [-5, 155, 7, -12, 1600], [-3, 159, 10, -18, 2000], [1, 159, 4, -12, 2700], [9, 167, 6, -18, 1700], [6, 167, 0, -12, 2700], [10, 205, 21, -12, 2000], [10, 208, 24, -12, 2500], [7, 210, 10, -24, 2000], [7, 213, 14, -30, 1900], [12, 212, 24, -12, 2300], [3, 214, 12, -24, 2300], [4, 216, 21, -30, 1700], [17, 216, 17, -12, 1600], [-3, 217, 7, -24, 2100], [-337, 65, -12, -12, 1900], [-343, 20, -55, -12, 1300], [-69, 354, -62, -12, 1600], [-39, 365, 44, -12, 1800], [-32, 396, 1, -12, 2200], [-21, 400, -15, -12, 2400], [-20, 404, -26, -12, 2300], [394, 115, -70, 12, 1800], [401, 112, -60, 12, 1700], [470, 297, 21, -12, 1600]]",32
2025-03-28 16:06:55.478,"[[0, 57, -10, 12, 2900], [1, 61, -10, 12, 2500], [0, 64, -15, 12, 1800], [-9, 70, -21, -12, 2600], [-7, 72, -14, 12, 1800], [-10, 74, -22, -12, 2800], [-4, 76, -17, 12, 2300], [-12, 77, -23, -12, 2600], [-12, 77, -35, 18, 1800], [-17, 80, -22, -12, 1500], [-10, 80, -28, 12, 3000], [-12, 80, -39, 18, 1900], [-9, 84, -29, 12, 3000], [-15, 82, -50, 18, 1400], [-6, 93, -28, -12, 1700], [-3, 103, -19, 12, 1800], [-9, 119, -8, -12, 2300], [-5, 124, 1, -18, 2500], [-5, 124, -2, -12, 3100], [-7, 128, -1, -18, 3100], [-7, 128, -2, -12, 3100], [-8, 132, -2, -18, 2900], [-9, 132, -3, -12, 3100], [-10, 136, -6, -18, 2100], [-13, 135, -5, -12, 2800], [-1, 155, 9, -18, 1700], [2, 155, 8, -12, 2100], [2, 159, 9, -18, 2100], [1, 159, 8, -12, 2500], [4, 162, 14, -18, 1700], [-1, 167, -3, -12, 2200], [9, 204, 26, -30, 2200], [10, 205, 19, -18, 2200], [14, 204, 20, -24, 2200], [8, 208, 24, -30, 2400], [7, 209, 23, -18, 2200], [11, 209, 19, -24, 2500], [7, 212, 29, -30, 2100], [3, 212, 25, -18, 1700], [10, 213, 21, -24, 2300], [5, 216, 27, -30, 1700], [6, 215, 30, -24, 1700], [-10, 318, 73, -12, 1100], [-23, 329, 22, -12, 1600], [-335, 14, 19, -12, 1700], [-40, 344, -17, -12, 1900], [-11, 359, 69, 12, 1600], [-22, 369, 18, 12, 1600], [-15, 397, 7, -12, 1600], [-26, 400, -13, -12, 2100], [-153, 448, 39, -12, 1600], [-87, 475, 1, -12, 1600], [-44, 485, -21, -12, 1800], [24, 481, 110, -18, 1700], [35, 486, 107, -18, 1600], [19, 489, 93, -12, 1900], [453, 302, 37, -24, 1900], [448, 316, 32, -24, 2000], [457, 305, 61, -24, 1700], [8, 568, 68, -12, 1600]]",60
2025-03-28 16:06:55.591,"[[-3, 53, -10, 18, 3000], [-2, 53, -8, 12, 3100], [-5, 57, -12, 18, 3100], [-2, 57, -10, 12, 3100], [-5, 60, -13, 18, 3100], [-2, 60, -13, 12, 3100], [-3, 60, -14, 24, 2000], [-3, 64, -15, 18, 3100], [-2, 63, -17, 12, 3100], [-2, 68, -16, 18, 2500], [-13, 66, -20, -12, 2100], [-1, 67, -19, 12, 2700], [-18, 68, -23, -12, 2200], [-4, 72, -14, 12, 2100], [-21, 74, -14, -12, 2200], [-12, 74, -20, 12, 2500], [-24, 76, -17, -12, 2200], [-12, 77, -24, 12, 2400], [-10, 81, -25, -18, 1600], [-13, 81, -24, -12, 2600], [-12, 82, -19, 12, 2200], [-13, 84, -27, 18, 2300], [-9, 85, -27, -12, 3100], [-9, 84, -28, 12, 3000], [-14, 88, -27, 18, 2400], [-8, 87, -32, -12, 3000], [-10, 88, -28, 12, 3000], [-15, 91, -31, 18, 2300], [-13, 93, -27, -18, 1600], [-7, 92, -32, -12, 2600], [-13, 92, -30, 12, 2600], [-19, 90, -42, 18, 1800], [-5, 97, -28, -12, 1800], [-8, 112, -8, -12, 3000], [-9, 116, -7, -12, 3100], [-6, 120, -2, -18, 2800], [-10, 119, -7, -12, 3100], [-6, 124, -2, -18, 3100], [-9, 124, -4, -12, 3100], [-6, 124, -2, -24, 2300], [-6, 128, -3, -18, 3100], [-7, 128, -4, -12, 3100], [-7, 128, -2, -24, 2500], [-6, 132, -5, -18, 3100], [-9, 132, -8, -12, 3000], [-7, 132, -4, -24, 2300], [-5, 136, -9, -18, 2100], [-8, 132, -34, -12, 1500], [-1, 136, -10, -24, 1800], [9, 163, -1, -18, 2300], [8, 163, 1, -12, 2300], [6, 167, 0, -18, 2300], [5, 167, -1, -12, 2600], [3, 171, -2, -18, 1900], [3, 171, -3, -12, 2100], [6, 172, -32, 18, 1200], [11, 200, 27, -36, 1700], [10, 203, 32, -30, 2100], [7, 204, 26, -42, 1800], [11, 203, 33, -36, 2400], [12, 207, 32, -30, 2300], [8, 207, 32, -42, 2000], [10, 207, 32, -36, 2600], [9, 212, 30, -42, 2000], [10, 212, 30, -36, 2400], [-18, 210, -36, 12, 1100], [15, 214, 34, -36, 1800], [-331, 47, 31, -18, 1800], [-317, 107, 28, -12, 1900], [336, 32, 26, -18, 2300], [-332, 71, 4, -12, 2300], [334, 66, 36, -18, 2200], [315, 148, -85, 12, 1400], [-5, 362, -3, -12, 1600], [-46, 359, -13, 12, 1700], [-26, 365, 9, -12, 1700], [-19, 366, 3, 12, 1500], [-364, 84, 31, -42, 1100], [-365, 70, 70, -42, 1300], [-108, 353, -99, -12, 1800], [-77, 375, -49, -12, 2000], [2, 388, -63, -12, 1500], [-61, 381, -194, 12, 1100], [-30, 435, -11, -12, 1700], [-24, 439, -14, -12, 1800], [118, 460, -7, -18, 1500], [-146, 452, -8, -12, 1900], [-34, 473, -32, 12, 1500], [131, 459, -40, -18, 1600], [-81, 471, 35, -12, 2400], [-32, 477, 31, 12, 1500], [-48, 477, 57, -12, 2400], [0, 487, 11, -12, 2100], [46, 486, -46, -12, 2100], [53, 487, 65, -12, 2300], [-6, 507, 86, -12, 1800], [19, 517, 31, -12, 1700], [435, 321, 26, -48, 1700], [439, 320, 39, -30, 1700], [72, 534, 142, -12, 1900], [136, 530, 123, -12, 1700], [-1, 607, 28, -12, 1700], [6, 609, 50, -12, 1700], [-137, 608, -173, 12, 1300], [-108, 640, -40, 12, 1600], [-5, 653, 44, -12, 1800], [-34, 932, 69, -12, 1600], [-47, 937, 33, -12, 1800]]",108
2025-03-28 16:06:55.691,"[[-1, 49, -9, 18, 3100], [-1, 49, -10, 12, 3100], [-1, 53, -10, 18, 3100], [0, 53, -10, 12, 3100], [-2, 53, -10, 24, 3100], [-1, 57, -10, 18, 3100], [0, 57, -10, 12, 3100], [-2, 57, -10, 24, 3100], [0, 61, -7, 18, 3100], [2, 61, -9, 12, 3100], [-4, 61, -10, 24, 2500], [-2, 63, -18, 18, 3100], [-5, 64, -15, 12, 3100], [-2, 68, -15, 18, 3100], [-1, 69, -11, -12, 2200], [-2, 68, -12, 12, 3100], [4, 71, -17, -12, 2200], [-2, 73, -5, 12, 2000], [7, 74, -22, -12, 2600], [7, 76, -28, -12, 3000], [-8, 78, -21, 12, 2300], [-3, 78, -34, -12, 3100], [-17, 77, -32, 12, 1600], [-15, 84, -26, -12, 3100], [-23, 90, -11, -12, 2800], [-3, 94, -26, -18, 1700], [-18, 94, -18, -12, 2400], [-6, 92, -40, -18, 1600], [-8, 112, -6, -12, 3100], [-7, 116, -4, -18, 2800], [-9, 116, -6, -12, 3100], [-3, 120, -3, -30, 1800], [-8, 120, -3, -18, 3100], [-8, 120, -6, -12, 3100], [-7, 120, -1, -24, 2200], [-4, 124, -2, -30, 2500], [-6, 124, -3, -18, 3100], [-6, 124, -5, -12, 3100], [-2, 124, 1, -24, 2900], [-5, 128, -1, -30, 2600], [-4, 128, -3, -18, 3100], [-3, 128, -2, -12, 2900], [-3, 128, -2, -24, 3100], [-5, 132, -3, -30, 2100], [-4, 132, -3, -18, 2700], [-4, 132, -6, -12, 1800], [-3, 132, -3, -24, 2900], [-1, 136, -5, -24, 2000], [12, 158, -5, -30, 1900], [9, 159, -2, -24, 2200], [9, 163, -5, -30, 2100], [7, 163, -3, -24, 2100], [7, 167, -5, -30, 1800], [20, 206, 35, -36, 1700], [109, 219, -15, 12, 1400], [-44, 242, -40, 12, 1700], [-10, 243, -71, 12, 1500], [-266, 129, -18, 12, 1700], [-3, 309, -41, 12, 1600], [331, 44, -25, -30, 1300], [332, 63, 11, -30, 1500], [316, 114, 40, -24, 1500], [65, 343, 24, 12, 1800], [64, 347, -21, 12, 1500], [-155, 314, -75, 12, 1500], [-16, 356, 62, -12, 1700], [-118, 334, -76, 12, 1800], [-99, 345, -72, 12, 2000], [-125, 340, 74, -12, 1900], [-109, 320, -152, 12, 1600], [348, 117, 69, 12, 1400], [354, 122, 50, 12, 1500], [367, 49, -91, -12, 1500], [-39, 379, -57, -12, 1900], [17, 388, -29, -18, 1700], [-18, 388, -25, -12, 2000], [-12, 393, -9, -12, 1800], [-50, 408, 68, -30, 1700], [11, 405, 97, 18, 1600], [-57, 418, -151, 12, 1300], [-95, 442, -59, 12, 1800], [-121, 441, -49, 12, 1700], [-16, 463, -24, -12, 1700], [48, 471, 70, -18, 1700], [-91, 477, -39, -12, 1600], [-112, 478, -5, -12, 2100], [158, 467, 36, -18, 1800], [-99, 483, 35, -12, 2200], [-41, 492, 23, -24, 1700], [-124, 472, 100, -12, 1800], [474, 226, 32, -12, 2000], [459, 263, 6, -12, 2600], [447, 290, 2, -12, 2700], [428, 325, -21, -12, 2200], [438, 318, 20, -12, 1600], [-129, 579, 55, -12, 1500], [-88, 689, -61, 12, 2000], [-76, 682, 143, 18, 1400], [-86, 685, -127, 12, 2100], [-86, 687, -132, 12, 2000], [8, 701, -108, -12, 1400], [-61, 704, -62, 12, 1800], [6, 732, -36, -12, 1700], [-96, 930, 35, -12, 1600], [-48, 936, 58, -18, 2300], [-77, 933, 69, -12, 2300], [-50, 940, 53, -18, 2100]]",107
2025-03-28 16:06:55.802,"[[2, 53, -10, -18, 2600], [3, 57, -11, -18, 2900], [6, 56, -12, -12, 3100], [4, 61, -10, -18, 2300], [7, 60, -11, -12, 2700], [-4, 65, -10, -12, 3000], [-4, 69, -9, -12, 2600], [4, 68, -29, -18, 1800], [-5, 70, -22, -12, 3100], [4, 77, -24, -18, 2600], [-5, 78, -22, -12, 3100], [15, 81, -23, -18, 1800], [-1, 83, -19, -12, 3100], [-19, 80, -22, -24, 1700], [-29, 82, -18, -18, 2400], [11, 88, -9, -12, 2500], [-19, 88, -24, -18, 2400], [-10, 89, -38, -18, 2100], [10, 84, -48, -12, 3000], [-5, 97, -26, -18, 1800], [1, 94, -35, -12, 3000], [-4, 104, -8, -12, 2700], [1, 108, -11, -12, 1800], [-10, 112, -5, -18, 3000], [-24, 110, -6, -12, 2400], [-11, 112, -4, -24, 1900], [-10, 116, -5, -18, 3100], [-9, 116, -4, -24, 2400], [-2, 120, 0, -30, 2400], [-8, 120, -5, -12, 2400], [-1, 120, 2, -24, 2900], [-4, 124, -2, -30, 2900], [1, 124, 3, -18, 2800], [-5, 124, -5, -12, 2300], [-2, 124, -1, -24, 3100], [-2, 128, -2, -18, 3100], [1, 128, 2, -12, 2800], [-3, 128, -3, -24, 3100], [-4, 132, 0, -18, 2700], [1, 132, -3, -12, 2700], [-3, 132, -5, -24, 2900], [-1, 131, -38, -12, 1900], [27, 149, -7, -24, 1400], [20, 154, -2, -24, 1700], [19, 158, 2, -30, 1400], [19, 158, -8, -36, 1600], [15, 158, 2, -24, 1600], [18, 162, -3, -30, 2000], [17, 162, -3, -36, 2100], [16, 166, 3, -30, 1800], [18, 166, -4, -36, 2000], [-5, 167, -107, -12, 1500], [27, 223, -49, -12, 1600], [-13, 229, -46, -18, 1400], [1, 225, -64, -12, 2100], [-17, 233, -39, -18, 1700], [-8, 229, -61, -12, 2400], [-22, 239, -27, -18, 1700], [-19, 235, -52, -12, 2300], [-37, 238, -45, -12, 2100], [-43, 238, -59, -12, 2100], [-9, 267, -56, -12, 1600], [-35, 221, -169, -12, 1700], [-2, 276, -69, -18, 1700], [-12, 269, -92, -12, 1900], [-15, 276, -82, -18, 1700], [-17, 281, -61, -12, 1800], [-23, 278, -86, -18, 1700], [-27, 287, -49, -12, 1800], [37, 293, -10, -18, 2000], [153, 252, 18, -12, 2700], [285, 92, -5, -18, 1900], [143, 263, 11, -12, 2900], [152, 261, -27, -12, 2600], [-17, 283, -121, -18, 1700], [194, 235, -43, -12, 2300], [23, 299, -84, -18, 1700], [-308, 49, -11, -12, 2300], [84, 300, -48, -18, 1800], [110, 295, 6, -12, 2100], [87, 305, -39, -18, 2200], [-313, 52, -42, -12, 2400], [63, 313, -51, -18, 2200], [306, 88, -57, -12, 2200], [-303, 100, 74, -30, 1200], [38, 318, -66, -18, 2000], [303, 101, -70, -12, 2200], [-321, 75, 34, -30, 2200], [40, 316, -90, -18, 2100], [33, 323, -65, -12, 2400], [-316, 98, 25, -36, 1500], [-322, 57, 54, -24, 2200], [-331, 38, 39, -30, 2700], [10, 318, -105, -18, 2100], [32, 319, -97, -12, 2200], [-323, 85, 29, -36, 2200], [-332, 36, 36, -24, 2600], [8, 335, 47, -18, 1500], [-327, 80, 41, -36, 2100], [-32, 337, 6, 12, 1600], [-338, 12, 24, -24, 2500], [-333, 72, 45, -30, 2100], [-327, 91, 52, -36, 1900], [-334, 77, -12, -24, 1600], [-78, 337, 22, -30, 1700], [-28, 340, 59, -12, 2000], [-88, 333, 37, -36, 1600], [-38, 342, 67, -12, 2100], [-86, 337, 41, -36, 1900], [-95, 341, 18, -30, 1300], [-331, 119, 43, -42, 1600], [-91, 339, 48, -36, 1900], [-352, 51, 46, -42, 1500], [133, 330, 37, -36, 1900], [107, 340, 61, -36, 1500], [-23, 357, 56, 12, 2200], [96, 349, 56, -12, 1600], [2, 362, 55, 12, 2500], [-82, 359, -36, -12, 2000], [4, 366, 53, 12, 2300], [-75, 356, -87, -12, 2100], [57, 364, 63, 12, 1900], [-79, 356, -97, -12, 1700], [69, 365, 68, 12, 1800], [-85, 364, -76, -12, 1700], [244, 501, 145, -12, 1700], [-536, 181, 133, -12, 1700], [-20, 574, 124, 12, 1700], [-59, 589, -14, -12, 1700], [-31, 582, 101, 12, 1800], [-435, 436, 74, -12, 1700], [7, 623, -12, -12, 2000], [211, 585, -40, -36, 1100], [-29, 626, 28, -12, 1800], [9, 680, -53, -12, 1500], [43, 675, -111, -12, 1700]]",136
2025-03-28 16:06:55.888,"[[5, 49, -9, -12, 2700], [2, 53, -10, -18, 3100], [2, 53, -8, -12, 3100], [2, 57, -10, -18, 3100], [2, 57, -8, -12, 3100], [3, 60, -13, -18, 3100], [4, 61, -8, -12, 3100], [0, 63, -19, -12, 3100], [8, 65, -23, -18, 2800], [-3, 67, -18, -12, 3100], [6, 59, -36, -24, 2100], [10, 67, -28, -18, 3100], [-28, 62, -28, -12, 3100], [26, 62, -31, 12, 1200], [7, 65, -34, -24, 2400], [-4, 77, -25, -18, 3100], [-7, 78, -22, -12, 3100], [-15, 73, -33, 12, 1900], [8, 78, -21, -24, 2400], [-8, 83, -17, -18, 3100], [-13, 81, -22, -12, 3100], [-9, 87, -18, -18, 3100], [-16, 85, -24, -12, 3100], [-5, 89, -2, -24, 2700], [-7, 89, -26, -18, 3000], [14, 83, -40, -12, 2800], [-6, 91, -18, -24, 2400], [5, 90, -36, -18, 2600], [11, 90, -36, -12, 3000], [8, 86, -44, -24, 1900], [4, 100, -10, -18, 1900], [8, 96, -28, -12, 2700], [-3, 104, -7, -18, 2100], [0, 104, -4, -12, 2900], [-1, 108, -7, -18, 2900], [2, 108, -6, -12, 3100], [10, 103, -33, -24, 2200], [22, 96, -55, -30, 1700], [0, 112, -4, -18, 3100], [5, 112, -5, -12, 3100], [0, 112, -10, -24, 2900], [-1, 116, -4, -18, 3100], [4, 116, -3, -12, 3100], [-2, 116, -5, -24, 3100], [-2, 120, -4, -18, 3100], [1, 120, -3, -12, 3100], [-4, 120, -6, -24, 3100], [-5, 124, -5, -18, 3100], [1, 124, -4, -12, 3100], [-7, 124, -8, -24, 3000], [-6, 128, -5, -18, 2900], [4, 128, -3, -12, 3100], [8, 131, -14, -12, 2400], [14, 129, -40, -12, 2000], [-6, 147, 15, -12, 1700], [-11, 151, 3, -12, 1700], [-7, 155, -14, -12, 1600], [154, 40, 7, -12, 1400], [28, 155, 40, -12, 1300], [21, 192, 42, -12, 1700], [-179, 131, -59, -12, 1500], [48, 203, -106, -18, 1700], [4, 224, -67, -12, 2100], [7, 222, -84, -18, 1700], [3, 228, -65, -12, 2300], [-7, 213, -114, -18, 1600], [-5, 234, -57, -12, 1900], [-207, 10, -154, -12, 1500], [131, 231, -37, -12, 1700], [-14, 269, -42, -12, 1900], [-23, 271, -48, -12, 1900], [15, 242, -141, -18, 1400], [-22, 276, -44, -12, 1600], [-33, 275, -45, -24, 2000], [-22, 281, -37, -24, 1800], [-24, 286, -29, -30, 1400], [-14, 287, -23, -18, 1400], [-15, 266, -121, -30, 1200], [-31, 284, -59, -18, 1600], [-11, 291, 18, -12, 1800], [24, 294, -22, -12, 2200], [-257, 154, 19, -18, 1600], [37, 294, -47, -12, 2700], [-262, 161, -24, -18, 2300], [-275, 136, -25, -12, 2800], [-266, 157, -44, -18, 2300], [-263, 166, -24, -12, 2400], [-276, 134, -74, -12, 1700], [293, 122, -29, -18, 2600], [267, 177, -40, -18, 2600], [297, 117, -51, -12, 2700], [-301, 119, -14, -36, 1100], [-312, 95, 34, -30, 2900], [234, 228, -16, -18, 1700], [-313, 96, 12, -42, 2000], [258, 182, -84, -12, 2000], [-313, 96, 24, -36, 3000], [-306, 102, 61, -24, 1900], [-318, 89, 33, -30, 3100], [-293, 156, 6, -18, 1800], [-317, 96, 19, -42, 2500], [-23, 303, -131, -12, 2000], [-318, 91, 26, -36, 3100], [-315, 96, 40, -24, 2800], [-323, 85, 33, -30, 3100], [-311, 124, 5, -18, 2000], [-324, 85, 18, -42, 2400], [-12, 328, -65, -12, 2500], [-324, 84, 25, -36, 3100], [-1, 334, -16, 12, 2200], [-318, 102, 34, -24, 2800], [-82, 328, 8, -42, 1500], [26, 336, -31, -12, 2400], [-61, 332, 19, -36, 2700], [-321, 93, 60, -24, 2200], [-81, 318, -100, -18, 1600], [-110, 317, 71, -12, 2200], [-51, 339, 8, -36, 2000], [16, 338, 51, 12, 2100], [12, 346, 12, -30, 1800], [-61, 341, -16, -18, 2000], [-67, 340, -2, -12, 2400], [-325, 124, 2, -36, 1500], [-47, 344, -51, -12, 2600], [86, 339, -16, -24, 1700], [-351, 43, -25, -30, 1900], [-342, 142, -78, -12, 1400], [12, 371, 70, 12, 1500], [38, 380, 6, -66, 1700], [-319, 199, -67, -12, 1500], [290, 253, -11, -12, 1500], [53, 376, 67, 12, 1900], [74, 373, -84, 12, 2100], [-9, 395, 66, -12, 1700], [-26, 395, -87, -12, 1900], [330, 198, -139, -12, 2100], [-97, 439, -114, -12, 2100], [-213, 411, 67, 12, 1400], [174, 420, 120, 12, 1700], [-80, 468, -2, -12, 1800], [-123, 458, 65, -12, 1800], [-6, 472, 101, -18, 1800], [-161, 467, -23, -12, 1800], [0, 502, 0, -12, 1500], [-24, 559, -37, 12, 1700], [-77, 622, 31, -12, 1500], [46, 622, 65, 12, 2000]]",147
2025-03-28 16:06:56.006,"[[-6, 47, -18, -12, 2700], [-6, 47, -26, -12, 3000], [6, 55, -17, -18, 2800], [6, 53, -22, -12, 3100], [1, 58, -22, -18, 3100], [2, 58, -19, -12, 3100], [1, 62, -21, -12, 3100], [5, 51, -42, -24, 2400], [-8, 68, -15, -18, 3100], [-8, 67, -17, -12, 3100], [-8, 62, -30, -24, 3000], [-9, 71, -20, -18, 3100], [-8, 71, -18, -12, 3100], [-8, 74, -21, -18, 3100], [-6, 75, -20, -12, 3100], [-7, 78, -22, -18, 3100], [-2, 78, -21, -12, 3100], [-9, 84, -10, -30, 3100], [81, 8, -24, -18, 3100], [58, 56, -27, -12, 3100], [-8, 83, -16, -36, 1600], [31, 72, -32, 12, 2300], [-7, 84, -13, -24, 3100], [-7, 88, -13, -30, 3000], [-3, 87, -21, -18, 2900], [44, 68, -37, -12, 2400], [-24, 77, -38, 12, 2400], [-7, 87, -16, -24, 3100], [-2, 90, -22, -30, 2600], [1, 88, -30, -18, 3100], [29, 75, -46, -12, 2800], [-24, 80, -42, 12, 2400], [1, 91, -20, -24, 3000], [-10, 93, -26, -12, 2800], [-4, 93, -29, -36, 2100], [-10, 98, -21, -18, 3000], [-3, 99, -16, -12, 3100], [-12, 95, -30, -24, 2400], [20, 77, -69, -30, 2200], [-3, 104, -11, -18, 3100], [-1, 104, -8, -12, 3100], [2, 102, -24, -24, 2500], [22, 86, -62, -30, 2200], [0, 108, -4, -18, 3000], [-1, 108, -2, -12, 2900], [0, 112, -6, -18, 3100], [6, 112, -3, -12, 2900], [-7, 112, -12, -24, 2300], [0, 116, -4, -18, 3100], [1, 116, -2, -12, 3100], [0, 116, -4, -24, 2900], [0, 120, -7, -18, 3100], [1, 120, 0, -12, 3100], [2, 119, -13, -24, 2900], [-3, 124, -4, -12, 2400], [7, 107, -62, -24, 2100], [-3, 86, -95, -18, 1600], [2, 66, -110, -24, 1400], [-18, 129, -20, 12, 1800], [-21, 133, -20, 12, 1600], [4, 141, -29, -12, 1600], [18, 142, 14, 24, 1300], [-19, 144, -24, -30, 1100], [16, 146, 5, 18, 2000], [-5, 139, -51, -12, 1600], [19, 146, 5, 24, 1800], [-20, 144, -43, -30, 1600], [24, 149, -1, 18, 1600], [-8, 144, -48, -18, 1600], [-7, 119, -95, -12, 1500], [22, 150, 3, 24, 1700], [-21, 145, -53, -30, 1700], [-7, 147, -50, -18, 1600], [17, 155, 2, 24, 1500], [4, 159, 4, 18, 1700], [-16, 157, -18, 12, 1700], [10, 194, 13, 12, 1700], [30, 194, 27, 18, 1600], [17, 196, 21, 12, 2100], [33, 197, 28, 18, 1700], [-125, 149, -56, -18, 1500], [21, 198, 34, 12, 2100], [24, 203, 23, 18, 1600], [1, 200, -50, -18, 1400], [-20, 204, -19, -12, 2100], [15, 203, 31, 12, 2000], [-26, 207, -28, -12, 1900], [-21, 173, -156, -18, 1500], [-13, 233, -41, -12, 2000], [-1, 230, -57, 12, 1500], [-4, 237, -46, -18, 2000], [-12, 238, -33, -12, 1800], [5, 237, -41, 12, 1500], [-2, 241, -42, -18, 1700], [-3, 249, -64, -18, 1700], [-25, 244, -76, -12, 1700], [-14, 255, -52, -12, 1400], [75, 280, -33, -12, 1300], [146, 254, -39, -12, 2100], [139, 263, -36, -12, 2700], [-11, 299, -51, -18, 2000], [83, 291, -22, -12, 2500], [-245, 180, 6, -24, 1300], [-31, 296, -76, -18, 2500], [8, 273, -142, -12, 1800], [-250, 180, -3, -24, 1700], [-39, 295, -92, -18, 2700], [-36, 292, -102, -12, 2500], [-41, 304, -58, -24, 2000], [-311, 51, 19, -30, 1800], [-2, 311, -49, -18, 3000], [57, 303, -64, -12, 2700], [-11, 313, -30, -24, 2800], [310, 71, 18, -30, 2200], [29, 315, -39, -18, 3000], [68, 307, -56, -12, 2600], [295, 114, -38, -36, 1500], [9, 318, -29, -24, 2800], [-40, 321, 5, -30, 2700], [47, 315, -55, -18, 2700], [85, 303, -72, -12, 2300], [288, 145, -19, -36, 2000], [-50, 318, -28, -24, 2600], [-286, 159, 15, -30, 3100], [-21, 341, 24, -30, 2400], [-21, 342, 4, -12, 2900], [-37, 341, 2, -24, 2700], [-34, 339, 62, -30, 2200], [-43, 341, -44, -24, 2600], [325, 129, -107, -18, 1800], [-354, 41, -90, -24, 1800], [-345, 97, -95, -30, 1600], [-363, 50, 56, 18, 2300], [305, 193, -81, -18, 1800], [-356, 93, 48, 12, 2300], [-362, 80, 53, 18, 2100], [-8, 364, -83, -18, 1600], [-56, 365, -55, -12, 2200], [-363, 88, 22, 12, 2200], [-43, 371, -54, -12, 2800], [52, 373, -22, 12, 1600], [-56, 363, -105, -18, 2000], [15, 400, 23, -12, 1800], [-6, 409, -1, -12, 2100], [8, 411, -37, -12, 2000], [-367, 115, -152, 12, 1700], [34, 414, -32, 12, 1600], [372, 190, -51, 12, 1400], [-100, 412, -20, 12, 1400], [-30, 461, -72, -18, 1400], [201, 419, 51, 12, 1600], [459, 99, 36, -12, 1900], [252, 397, -19, 12, 1900], [-193, 431, 51, -18, 1600], [-74, 453, -124, 12, 1700], [-7, 475, 59, 12, 1600], [114, 465, 65, 12, 1700], [-110, 452, -144, -12, 1800], [-36, 489, 15, -18, 1600], [-59, 486, -31, -12, 2200], [-28, 488, 76, -18, 1600], [472, 222, -26, -18, 2300], [-161, 491, 77, -12, 2400], [454, 255, -28, -24, 1800], [475, 226, -8, -18, 2800], [473, 229, 21, -12, 2800], [-47, 507, 132, 12, 1800], [475, 224, 20, -24, 2000], [468, 247, -5, -18, 2700], [467, 249, 7, -12, 2800], [483, 213, 35, -24, 2000], [458, 272, 15, -18, 2000], [470, 252, 5, -12, 2400], [30, 524, 92, 12, 1600], [489, 211, 19, -24, 1700], [419, 336, 8, -12, 1700], [2, 535, -57, 12, 1600], [448, 297, -66, -18, 1500], [-143, 564, 59, -12, 1800], [-17, 574, 127, -18, 2000], [-102, 572, 89, -12, 2300], [-15, 584, 97, -18, 1900], [-81, 577, 106, -12, 2400], [156, 567, -97, 12, 1700], [200, 565, -15, 12, 2100], [171, 579, -8, 12, 2200], [134, 591, -32, 12, 2100], [-98, 607, 32, -12, 2000], [106, 634, 15, 18, 1700], [-65, 614, -180, -12, 1800], [618, 166, -61, 12, 2700], [-92, 635, -84, -12, 1800], [-137, 635, 40, -12, 1800], [-66, 635, 123, 12, 1700], [143, 636, 60, -12, 1700], [-129, 634, 96, 12, 1900], [-148, 626, 140, -18, 1500], [-210, 616, 101, 12, 1900], [-46, 639, 168, -18, 1700], [-59, 663, 23, -12, 1700], [-82, 732, 11, -18, 1300], [-115, 729, -93, -12, 1400], [-98, 738, -72, -12, 1600], [-289, 687, -132, 12, 1200], [172, 763, 114, -12, 1600]]",205
2025-03-28 16:06:56.096,"[[11, 43, -23, 12, 3600], [12, 47, -25, 12, 4800], [-1, 49, -23, -12, 4800], [16, 51, -22, 18, 3400], [13, 50, -27, 12, 4800], [-1, 49, -32, -12, 4700], [13, 53, -29, 12, 4400], [7, 43, -44, -12, 4200], [6, 60, -12, -18, 3600], [-5, 55, -27, -24, 3100], [13, 57, -30, 12, 3600], [10, 73, -33, -18, 3100], [-16, 76, -25, -42, 2900], [-19, 62, -49, -12, 2500], [-16, 72, -34, -36, 3100], [8, 58, -56, 12, 3100], [-1, 77, -27, -24, 3100], [-20, 76, -19, -48, 2400], [-4, 84, -14, -30, 3100], [17, 82, -14, 18, 3000], [-15, 72, -43, -18, 3000], [-20, 80, -22, -42, 3000], [-8, 28, -81, -12, 2800], [-8, 83, -17, -36, 3100], [18, 82, -11, 12, 3100], [-5, 84, -13, -24, 3100], [44, 68, -27, 24, 1800], [-21, 80, -20, -48, 2500], [16, 94, -19, 12, 3100], [25, 77, -54, -24, 2200], [16, 98, -13, 18, 2200], [23, 92, -33, -18, 2400], [-1, 94, -37, -42, 1100], [5, 94, -36, -12, 3100], [31, 80, -52, -24, 2000], [21, 100, -20, 18, 2200], [15, 97, -36, -12, 2800], [19, 103, -6, 12, 3100], [15, 105, -24, 18, 2400], [0, 107, -17, -12, 2300], [18, 107, -10, 12, 2900], [17, 110, -19, 18, 2600], [1, 112, -1, -12, 2800], [16, 111, -10, 12, 3100], [-35, 113, -68, -12, 1800], [-51, 122, -34, 12, 1700], [-28, 126, -55, -12, 1800], [-46, 123, -49, 12, 2000], [-6, 138, -40, -12, 1800], [-6, 136, -45, -36, 1800], [-24, 133, -48, 12, 1800], [-5, 139, -50, -36, 1900], [-21, 139, -45, 12, 1800], [35, 147, 0, 42, 1700], [35, 147, 5, 36, 1700], [38, 151, 4, 42, 1400], [-13, 160, -30, 12, 1700], [28, 192, 14, 30, 2200], [30, 192, 13, 36, 1600], [-38, 187, -38, 12, 1600], [16, 194, 2, 24, 1700], [36, 287, -60, -12, 2200], [-274, 119, -35, -18, 2100], [19, 290, -73, -12, 2100], [-257, 155, 10, -24, 1800], [-286, 102, 19, -18, 2500], [300, 45, 6, -12, 2000], [-261, 156, 12, -24, 1900], [-290, 105, -17, -18, 2000], [39, 302, -41, -12, 2100], [-270, 147, 22, -24, 1400], [-30, 298, -87, -18, 2300], [-300, 135, 42, -18, 3100], [-300, 141, 21, -24, 3100], [-312, 119, 28, -24, 2600], [-62, 315, -107, -42, 1800], [23, 337, 27, 12, 2300], [-77, 330, 13, -24, 2200], [-157, 312, -62, -12, 2300], [54, 349, 18, 12, 2400], [162, 314, -25, -24, 1400], [5, 355, -45, -18, 1700], [-108, 338, 45, -12, 2000], [38, 348, -74, 12, 2100], [-9, 356, -68, -18, 2000], [361, 15, 25, 12, 2000], [2, 345, -109, -24, 1700], [-16, 348, -112, -30, 1400], [67, 360, 8, 18, 1500], [-16, 349, -109, -18, 2000], [74, 358, -3, 24, 1300], [-50, 346, -123, -30, 1600], [-24, 391, 62, -12, 1800], [-57, 399, 41, -12, 1500], [-30, 397, -107, -30, 1800], [5, 406, -74, -12, 2000], [-31, 362, -196, -24, 1900], [-19, 408, -81, -12, 2200], [363, 155, -132, 12, 1600], [7, 439, 104, -18, 1500], [230, 371, -115, 12, 2600], [-17, 437, 110, -24, 1700], [74, 442, 80, -12, 1900], [248, 331, -191, 12, 2100], [36, 442, -122, -18, 1200], [116, 435, -93, -12, 1900], [148, 432, -49, 12, 1800], [66, 432, -155, -12, 1900], [-36, 465, -32, -12, 1800], [-75, 464, 25, -18, 2100], [-90, 462, 4, -12, 2400], [237, 400, 75, 12, 1900], [204, 420, 84, 18, 1400], [-39, 492, 32, -18, 1500], [-13, 494, 14, -12, 2500], [122, 466, 110, 12, 1800], [6, 497, 42, -12, 1900], [-22, 501, -70, -24, 1400], [505, 66, -30, -30, 1600], [-422, 262, 116, -18, 1600], [-251, 435, -94, -24, 1600], [466, 215, 33, -30, 1600], [-33, 524, -117, -24, 1300], [421, 327, -95, -24, 1300], [112, 537, 9, 18, 1500], [-93, 533, 95, -12, 1400], [119, 540, -4, 18, 1900], [-123, 538, 32, -18, 1900], [-53, 537, 122, -12, 1900], [222, 506, -17, 12, 1700], [87, 538, 112, 18, 1700], [-48, 549, 82, -12, 2000], [265, 469, 142, 12, 1800], [-40, 559, 16, -12, 2100], [51, 601, 26, -12, 1600], [107, 596, 42, -18, 1700], [156, 575, 119, -12, 1600], [522, 290, 108, -24, 1500], [-134, 597, 0, -18, 1800], [-22, 612, -64, -18, 1700], [-83, 613, 27, -30, 1800], [12, 611, 100, -12, 2000], [-586, 199, -39, 12, 1600], [-55, 606, 114, -24, 2200], [-56, 618, 65, -30, 2200], [6, 599, -174, 18, 1800], [-605, 167, 143, 18, 1600], [515, 381, 58, -12, 1600], [24, 642, 16, 24, 1600], [88, 640, 31, 12, 2000], [39, 644, -48, 24, 1500], [-17, 649, 48, 12, 2100], [72, 643, 97, -12, 1600], [-29, 654, 19, 12, 2100], [54, 650, 115, -12, 1500], [-101, 655, 17, 12, 1900], [12, 649, 148, -12, 1300], [-252, 638, 9, 18, 1200]]",158
2025-03-28 16:06:56.205,"[[17, 43, -19, 24, 3800], [16, 43, -19, 18, 4300], [17, 43, -20, 12, 4300], [4, 48, -14, -12, 5400], [2, 48, -13, -18, 3800], [19, 47, -19, 24, 4500], [-3, 56, -27, -24, 3900], [-6, 56, -26, -30, 3400], [-6, 55, -27, -36, 4400], [-4, 55, -27, -42, 3800], [12, 59, -27, 18, 3800], [-8, 60, -26, -18, 4600], [-5, 61, -23, -24, 5400], [-5, 62, -21, -30, 4700], [-7, 61, -23, -36, 4900], [-9, 63, -18, -42, 4400], [-9, 62, -19, -48, 3800], [31, 57, -26, 30, 2800], [13, 61, -31, 18, 4800], [11, 61, -32, 12, 5500], [-1, 67, -19, -12, 4300], [36, 64, -25, 24, 3200], [15, 67, -37, 18, 5100], [13, 68, -35, 12, 5600], [5, 76, -16, -12, 3400], [-7, 71, -31, -24, 5000], [-7, 71, -32, -30, 5100], [-8, 71, -31, -36, 4600], [-10, 74, -20, -42, 4500], [-9, 75, -16, -48, 4000], [48, 60, -26, 30, 2600], [42, 65, -25, 24, 3400], [16, 69, -40, 18, 4400], [15, 71, -37, 12, 5100], [9, 79, -17, -12, 3700], [2, 80, -10, -18, 3600], [-8, 71, -40, -30, 3900], [32, 81, -20, 30, 2600], [-6, 89, 1, -42, 2300], [33, 80, -20, 36, 1900], [-4, 88, -10, -36, 2500], [9, 85, -25, 24, 1800], [-18, 84, -22, -48, 1800], [-4, 92, -14, -30, 2000], [28, 78, -43, 18, 2300], [-1, 90, -23, -18, 2600], [35, 83, -24, 30, 1800], [-9, 92, -6, -42, 2100], [8, 86, -35, -12, 2500], [1, 92, 13, -36, 1800], [25, 77, -47, 12, 2000], [-18, 90, -18, -48, 1600], [14, 102, -19, 12, 2100], [47, 86, -37, -24, 2000], [29, 98, -20, 24, 2600], [28, 103, -19, 18, 2300], [27, 103, -18, 30, 1800], [20, 106, -11, 12, 2300], [6, 101, -40, -24, 1800], [30, 102, -23, 24, 2500], [23, 109, -19, 18, 2300], [17, 111, -7, 12, 2500], [37, 104, -24, 24, 1900], [14, 115, -16, 18, 2200], [10, 107, -47, -18, 1200], [13, 115, -8, 12, 2600], [22, 114, -13, 24, 1800], [-12, 117, -24, 18, 1800], [25, 149, -6, 36, 1700], [34, 151, -5, 42, 1900], [34, 152, 4, 36, 1800], [34, 155, 8, 36, 1700], [-18, 168, -27, 12, 1600], [35, 194, 18, 30, 1600], [166, 90, -59, -12, 1600], [34, 194, 14, 24, 1900], [28, 199, 19, 30, 2100], [29, 199, 15, 24, 2300], [22, 205, 4, 30, 1600], [26, 204, 11, 24, 2100], [27, 208, -2, 30, 1900], [30, 208, 1, 36, 1500], [19, 209, -16, 24, 1500], [23, 213, -1, 30, 1600], [54, 205, -87, -24, 1500], [200, 193, -77, -12, 1500], [-15, 249, -152, -30, 1300], [-30, 284, -63, -12, 1800], [281, 110, -34, -12, 1800], [25, 297, -58, -36, 1700], [-35, 298, -48, -24, 1700], [303, 51, -16, -54, 1600], [-270, 147, -21, -18, 1500], [288, 104, -24, -42, 2000], [218, 211, -51, -12, 2000], [26, 303, -44, -36, 1800], [209, 204, -96, 12, 1400], [-42, 302, -42, -24, 1600], [298, 74, -22, -48, 1800], [-50, 306, -35, -54, 1900], [-261, 168, -33, -18, 1400], [-305, 119, 6, -24, 2600], [13, 330, -22, -18, 2200], [28, 329, -15, -24, 2400], [14, 328, -67, -18, 2600], [-9, 330, -56, -36, 1800], [-28, 349, 49, 18, 2000], [-125, 331, 12, -12, 2000], [42, 351, 1, 12, 2000], [303, 175, 74, 18, 2000], [329, 142, 2, -12, 1900], [353, 60, 53, 30, 1700], [93, 347, 42, 12, 2400], [308, 171, 81, 24, 1700], [342, 116, 62, 18, 1400], [-49, 378, -7, -18, 1700], [-337, 126, -130, 30, 1500], [82, 370, -40, 12, 1900], [-88, 371, -5, -24, 1300], [-361, 137, -23, 18, 1400], [-24, 381, -57, -18, 2000], [-34, 375, -84, -12, 1800], [90, 375, -11, 12, 1500], [-61, 380, -30, -24, 1400], [-47, 369, -115, -12, 1700], [-24, 381, -137, -42, 1700], [-6, 405, -15, -36, 1600], [-25, 394, -108, -12, 1400], [-15, 406, -44, -36, 1600], [131, 413, -114, -18, 1500], [-94, 434, 60, -12, 1600], [223, 388, -23, 12, 2600], [-3, 440, 83, -24, 1900], [237, 371, 98, 18, 1500], [186, 405, -71, -18, 1500], [222, 392, -30, 12, 2500], [12, 446, 67, -24, 1500], [224, 387, -85, 12, 2300], [9, 483, -87, -18, 1500], [-4, 481, -99, -12, 1900], [10, 482, -108, 18, 1500], [122, 473, -78, -18, 1500], [10, 490, 67, 12, 1900], [47, 491, 72, 12, 1900], [63, 495, 57, 12, 1500], [-84, 459, -206, -12, 1500], [462, 220, -42, -48, 1500], [495, 145, 43, -42, 1500], [451, 255, 12, -36, 1800], [-473, 295, 2, 12, 1600], [164, 533, 60, 18, 1500], [218, 508, 93, 12, 1700], [207, 502, -156, -12, 1700], [157, 521, -163, -12, 2100], [12, 565, 93, -18, 1600], [58, 556, -125, -12, 2000], [168, 521, -167, 12, 1700], [124, 560, -56, 18, 1400], [199, 531, -101, 12, 1700], [55, 571, -89, 18, 1600], [-44, 577, 40, -12, 1700], [-169, 596, -17, 24, 1700], [120, 602, 108, -12, 1700], [-244, 574, 11, 24, 1700], [77, 602, 156, 30, 1600], [193, 577, 149, 24, 1600], [-64, 630, 42, 12, 1900], [159, 607, 98, 24, 1600], [112, 699, -47, 12, 1400], [124, 716, -143, 12, 1500], [-35, 747, -28, -12, 1700], [39, 894, 227, 30, 2300]]",172
2025-03-28 16:06:56.307,"[[18, 42, -20, 18, 3100], [21, 40, -21, 30, 2600], [12, 43, -22, 12, 3100], [20, 42, -19, 24, 2800], [19, 46, -21, 18, 3100], [23, 43, -23, 30, 3100], [3, 48, -25, -12, 2900], [23, 43, -23, 36, 2400], [10, 46, -27, 12, 3100], [22, 44, -22, 24, 3100], [19, 50, -24, 18, 3100], [-2, 53, -24, -18, 2600], [25, 46, -25, 30, 3100], [3, 52, -26, -12, 3100], [25, 46, -25, 36, 2700], [8, 49, -31, 12, 3100], [23, 47, -24, 24, 3100], [-1, 61, -7, -30, 3100], [18, 51, -29, 18, 3100], [0, 58, -22, -18, 3000], [27, 49, -26, 30, 3100], [-3, 59, -16, -36, 2400], [4, 51, -35, 12, 3100], [-1, 61, -10, -24, 3100], [25, 49, -28, 24, 3100], [-2, 65, -8, -30, 3100], [19, 59, -22, 18, 3100], [-8, 62, -21, -42, 2900], [6, 61, -22, -12, 2900], [-5, 65, -8, -36, 3100], [20, 60, -19, 12, 3100], [0, 65, -4, -24, 3100], [19, 58, -23, 24, 2900], [-1, 69, -9, -30, 3100], [20, 63, -23, 18, 3100], [-3, 55, -43, -18, 3100], [20, 60, -30, 30, 2400], [-8, 65, -24, -42, 3100], [3, 66, -23, -12, 3100], [-6, 69, -11, -36, 3100], [16, 65, -17, 12, 3100], [5, 69, -8, -24, 3100], [21, 62, -24, 24, 3100], [-7, 67, -19, -48, 2100], [-1, 73, -10, -30, 3100], [21, 66, -26, 18, 3100], [-3, 61, -41, -18, 3100], [26, 63, -28, 30, 2600], [-8, 69, -25, -42, 3100], [3, 70, -23, -12, 3100], [-6, 71, -17, -36, 3100], [19, 66, -27, 12, 3100], [2, 71, -19, -24, 3100], [23, 64, -28, 24, 3100], [0, 76, -14, -30, 3100], [20, 70, -26, 18, 3100], [-4, 71, -32, -18, 3100], [30, 65, -31, 30, 2600], [-9, 72, -28, -42, 2800], [4, 72, -29, -12, 3100], [-7, 74, -24, -36, 3100], [20, 71, -24, 12, 3100], [-6, 72, -28, -24, 3100], [30, 64, -32, 24, 2500], [-10, 75, -15, -48, 1600], [19, 75, -25, 18, 3100], [-7, 77, -25, -18, 2800], [47, 54, -38, 30, 1900], [-15, 75, -27, -42, 2000], [-69, 15, -43, -12, 3100], [-13, 74, -31, -36, 2800], [12, 77, -22, 12, 3100], [-8, 73, -35, -24, 2800], [6, 76, -27, 24, 2800], [2, 84, -13, -30, 2300], [3, 77, -37, 18, 2800], [-16, 76, -34, -18, 2400], [-4, 85, -4, -42, 2000], [-4, 82, -21, -12, 2700], [25, 75, -33, 36, 1900], [5, 85, -5, -36, 2300], [11, 81, -24, 12, 3100], [-4, 80, -30, -24, 2200], [10, 81, -26, 24, 2700], [2, 89, -7, -30, 2100], [3, 75, -49, 18, 2300], [-23, 77, -40, -18, 1500], [19, 81, -32, 30, 2400], [-5, 88, -11, -42, 2200], [-25, 85, -12, -12, 2200], [0, 89, -6, -36, 2700], [9, 85, -25, 12, 3100], [-4, 83, -32, -24, 1700], [14, 82, -31, 24, 2400], [2, 93, -2, -30, 2100], [4, 81, -47, 18, 1900], [20, 84, -35, 30, 2200], [-5, 93, -8, -42, 1900], [-1, 93, -5, -36, 2400], [18, 86, -31, 24, 2400], [4, 78, -58, -30, 2000], [24, 88, -33, 30, 1900], [1, 96, -16, -36, 1800], [-4, 85, -48, 12, 2100], [23, 89, -31, 24, 2300], [6, 75, -68, -30, 1700], [-10, 88, -49, -12, 2100], [25, 92, -32, 24, 1800], [-25, 90, -47, -12, 2000], [26, 91, -54, 12, 2000], [19, 111, -2, 18, 1900], [8, 93, -63, 12, 2200], [21, 110, -6, 24, 1800], [15, 115, -8, 18, 2200], [11, 105, -50, 12, 2200], [10, 115, -19, 24, 2000], [16, 119, -5, 18, 1500], [-19, 114, -34, -12, 1700], [10, 119, -3, 12, 2100], [1, 117, -26, 24, 1400], [9, 124, -1, 12, 1600], [-48, 116, -28, 18, 1600], [36, 120, -28, 30, 1300], [15, 117, -50, -12, 1700], [-7, 115, -79, 12, 1800], [-31, 136, -35, 18, 1800], [-22, 132, -52, 12, 1800], [-32, 139, -39, 18, 1900], [-11, 141, -44, 12, 1900], [-25, 139, -56, 18, 1400], [1, 143, -52, 12, 1600], [12, 136, -74, 12, 1500], [12, 290, -30, -12, 1700], [43, 283, -56, -24, 1400], [-256, 157, 0, -30, 2100], [2, 299, 13, -24, 1800], [9, 303, -21, -30, 2600], [-18, 300, -41, -42, 1400], [49, 295, -49, -12, 1800], [4, 302, -29, -36, 1800], [3, 303, -23, -24, 2600], [-31, 301, -21, -48, 1600], [10, 307, -16, -54, 1600], [-2, 306, -35, -30, 2400], [-286, 114, 14, -66, 1400], [-23, 302, -52, -42, 1800], [135, 293, -4, -12, 1400], [-307, 112, -30, -30, 1800], [16, 326, 54, 18, 2000], [-15, 327, -50, -18, 2300], [23, 325, 58, 24, 1600], [68, 335, 17, 24, 2200], [-115, 317, -81, 18, 1800], [10, 335, 88, 30, 1400], [9, 328, -125, -18, 1500], [-1, 339, -89, -12, 1800], [308, 167, -8, 12, 1800], [23, 333, -119, -30, 1600], [72, 343, 49, 18, 1900], [15, 288, -206, -12, 1400], [-329, 124, 46, 12, 2400], [-17, 357, 9, 18, 2300], [9, 355, 45, -18, 1900], [-13, 380, -31, -12, 2000], [-8, 381, 19, 12, 2100], [7, 382, 50, 12, 2100], [-136, 352, -112, 18, 1500], [-155, 361, -11, 12, 1600], [-148, 359, -64, 24, 1500], [-155, 364, -38, 18, 1300], [74, 390, -19, 12, 1300], [-142, 350, -124, 24, 1500], [128, 367, -98, 24, 1100], [379, 118, -140, 12, 1900], [-6, 426, 46, -12, 1500], [-34, 425, 45, -24, 1500], [-81, 421, -52, -18, 1500], [215, 415, -10, -12, 1800], [171, 438, 30, -12, 2100], [229, 411, -6, 12, 1800], [-82, 466, 40, -30, 1500], [-414, 230, 47, 18, 1500], [257, 399, 6, -18, 1700], [111, 458, 60, -12, 2200], [230, 415, 17, 12, 2300], [-2, 474, -34, -24, 1800], [197, 435, -28, 18, 1500], [242, 410, -51, -18, 1900], [234, 417, 24, 12, 2400], [-9, 478, -37, -24, 1700], [439, 172, 81, 24, 1500], [240, 419, 1, 12, 2000], [240, 424, 8, -12, 1200], [430, 289, -11, -30, 1800], [460, 238, -14, -42, 1900], [455, 246, -6, -48, 1900], [438, 284, 3, -30, 2000], [505, 109, 76, -18, 2000], [460, 244, -34, -42, 1800], [458, 248, -32, -36, 1600], [462, 235, 60, -24, 2000], [458, 250, -9, -48, 2000], [444, 281, 1, -30, 1800], [478, 218, 29, -18, 2000], [485, 201, 26, -12, 1700], [451, 269, 25, -24, 2000], [161, 562, 58, 18, 2200], [106, 578, -17, -18, 1800], [-100, 579, -19, 12, 2300], [99, 579, 5, -24, 1700], [-195, 554, 74, 18, 2600], [-138, 572, 68, 12, 2600], [-39, 591, 64, 12, 2600], [-3, 599, 37, 18, 1900], [28, 599, 26, 12, 2000], [77, 572, -202, 18, 1700], [-66, 608, 16, 12, 1800], [38, 598, -140, 18, 1600], [85, 609, 27, -12, 1600], [-99, 607, -29, 12, 1700], [-6, 617, 59, -18, 2300], [30, 616, 54, -12, 2300], [-666, 171, 144, 12, 2200], [-58, 710, 23, 12, 1600], [0, 705, 132, 12, 1600], [-617, 349, -152, 12, 1400]]",226
2025-03-28 16:06:56.404,"[[23, 41, -18, 30, 2300], [25, 39, -20, 24, 2300], [5, 45, -29, 18, 2900], [25, 44, -19, 30, 3100], [3, 45, -30, -12, 2600], [9, 44, -30, 12, 2800], [29, 41, -21, 24, 3100], [2, 55, -19, -18, 3100], [26, 48, -20, 30, 3100], [4, 57, -9, -12, 3100], [27, 49, -17, 36, 3100], [-2, 53, -23, -36, 2500], [11, 48, -30, 12, 3100], [-2, 53, -24, -24, 3100], [28, 52, -17, 42, 2400], [-1, 56, -25, -30, 3100], [9, 49, -36, 18, 3100], [3, 60, -15, -18, 3100], [27, 52, -20, 30, 3100], [-5, 58, -22, -42, 1800], [5, 60, -10, -12, 3100], [28, 52, -17, 36, 3100], [-1, 57, -23, -36, 3100], [14, 52, -30, 12, 3100], [-1, 57, -24, -24, 3100], [34, 47, -20, 24, 3100], [0, 61, -25, -30, 3100], [16, 56, -30, 18, 3100], [3, 64, -12, -18, 3100], [30, 55, -19, 30, 3100], [-3, 63, -18, -42, 2500], [6, 65, -10, -12, 3100], [29, 56, -17, 36, 3100], [0, 62, -23, -36, 3100], [17, 55, -31, 12, 3100], [6, 63, -18, -24, 2900], [36, 49, -23, 24, 2500], [1, 65, -26, -30, 3100], [20, 63, -23, 18, 3100], [3, 69, -5, -18, 3100], [-2, 68, -16, -42, 3000], [3, 65, -25, -12, 3100], [33, 59, -17, 36, 3000], [1, 67, -19, -36, 3100], [19, 60, -30, 12, 3100], [-5, 62, -32, -24, 3100], [28, 62, -13, 24, 2400], [-4, 69, -9, -48, 2100], [-4, 66, -33, -30, 3100], [18, 68, -23, 18, 3100], [0, 64, -37, -18, 3100], [28, 57, -37, 30, 2700], [-3, 72, -16, -42, 3000], [1, 68, -29, -12, 3100], [37, 59, -22, 36, 2500], [-4, 72, -16, -36, 2900], [18, 65, -30, 12, 3100], [-2, 67, -30, -24, 3100], [24, 44, -55, 24, 2200], [-4, 73, -10, -48, 2400], [-3, 71, -31, -30, 2600], [46, 54, -33, 18, 2600], [-1, 69, -37, -18, 2900], [23, 71, -21, 30, 3000], [-5, 76, -17, -42, 2900], [-5, 67, -38, -12, 3100], [21, 72, -18, 36, 2500], [-6, 75, -20, -36, 2800], [18, 69, -31, 12, 3100], [0, 72, -30, -24, 2900], [21, 73, -15, 24, 3000], [-4, 77, -12, -48, 2300], [3, 78, -22, -30, 1700], [33, 68, -30, 18, 2500], [15, 79, -11, -18, 1900], [26, 75, -14, 30, 3100], [-8, 78, -20, -42, 1900], [7, 78, -21, -12, 2800], [27, 73, -20, 36, 2600], [-4, 78, -22, -36, 1800], [16, 72, -35, 12, 3100], [29, 75, -9, 24, 3100], [22, 77, -29, 18, 2600], [7, 84, -11, -18, 1700], [34, 78, -7, 30, 2400], [7, 82, -22, -12, 2600], [36, 70, -33, 36, 1900], [14, 75, -37, 12, 3100], [32, 78, -14, 24, 2600], [25, 83, -20, 18, 2800], [8, 69, -56, -12, 2300], [-10, 81, -37, 12, 2800], [10, 87, -32, -30, 1700], [16, 88, -27, 18, 2300], [-23, 81, -40, -18, 2000], [15, 83, -40, -12, 2100], [27, 83, -32, 36, 1500], [-11, 84, -39, 12, 2300], [29, 83, -30, 24, 2100], [8, 93, -28, -30, 2100], [15, 91, -31, 18, 2000], [38, 87, -22, 30, 1700], [21, 88, -36, -12, 2000], [3, 94, -26, -36, 1500], [5, 92, -30, 12, 2200], [12, 89, -37, -24, 1800], [6, 96, -31, -30, 2000], [17, 92, -36, 18, 1800], [16, 88, -46, 12, 2100], [2, 94, -45, -18, 1600], [-16, 92, -48, 12, 1900], [40, 95, -34, 30, 1600], [-19, 98, -44, 12, 1500], [-32, 99, -30, 24, 1500], [20, 108, -22, 18, 2200], [41, 102, -25, 30, 1900], [44, 101, -22, 12, 1700], [41, 101, -27, 24, 2100], [26, 112, -16, 18, 2700], [14, 113, -25, 12, 2300], [31, 112, -9, 24, 2700], [-48, 105, -33, 42, 1600], [34, 115, -9, 18, 2700], [34, 115, -5, 30, 2100], [-16, 114, -36, -12, 1900], [1, 117, -25, 12, 2400], [32, 115, 0, 24, 2700], [72, 91, -45, 42, 1700], [40, 116, -19, 18, 1900], [31, 119, -12, 30, 1700], [68, 96, -39, 54, 1700], [-15, 118, -36, -12, 2100], [-25, 117, -32, 12, 1700], [38, 118, 1, 24, 2200], [66, 98, -37, 48, 1900], [-110, 105, -62, 54, 1400], [-99, 124, -41, 60, 1400], [-17, 161, -17, 12, 1700], [-7, 166, -15, 12, 1600], [12, 175, -34, 12, 1700], [0, 190, -17, 18, 1600], [10, 194, -11, 18, 1900], [9, 194, -3, 12, 1600], [22, 196, 12, 18, 1900], [13, 197, 14, 12, 2100], [14, 201, 12, 18, 1900], [5, 206, -12, 18, 1900], [-4, 206, -6, -12, 2100], [8, 206, 7, 12, 2100], [-9, 210, -7, -12, 2000], [-7, 206, -39, 12, 1400], [-15, 213, -18, -12, 1400], [-282, 105, 43, -30, 1700], [-8, 276, -126, -18, 1800], [153, 262, 14, -12, 1700], [79, 292, -25, -36, 1300], [-13, 275, -129, -24, 1800], [183, 242, -2, -48, 1400], [-290, 105, -7, -30, 1200], [197, 223, -77, -18, 1800], [172, 252, 38, -12, 1700], [-17, 283, -119, -24, 1800], [0, 311, 14, -12, 1900], [178, 252, -43, -24, 1500], [138, 280, 42, -18, 1600], [33, 313, -7, -12, 2000], [135, 288, 24, -18, 1600], [78, 309, 15, -12, 1800], [28, 318, -88, -30, 1500], [51, 339, -50, 48, 1600], [302, 175, 29, 18, 1900], [-33, 301, -178, -12, 1600], [-115, 320, 84, 12, 1600], [-322, 138, 54, 30, 1800], [59, 349, 7, 12, 1800], [-24, 357, -23, 18, 1800], [-312, 169, 53, 30, 1800], [31, 344, -94, 12, 2000], [-36, 360, -15, 18, 1700], [-278, 233, 11, 30, 1800], [-3, 358, -51, 12, 2400], [-18, 365, 14, 18, 2200], [231, 284, -12, 30, 1600], [-25, 365, -22, 12, 2500], [-36, 365, 47, 18, 2100], [2, 358, -95, -18, 1300], [375, 87, 9, 36, 1500], [66, 379, 25, 24, 2200], [375, 103, -20, 36, 1400], [137, 363, 34, 24, 1600], [-51, 378, -126, 18, 1400], [-60, 394, -72, 18, 1400], [-378, 123, -114, 12, 1400], [218, 424, 48, -18, 1400], [50, 475, 40, 12, 2400], [-34, 482, -14, 18, 1300], [222, 427, -41, -18, 1700], [17, 481, 43, 12, 2500], [235, 416, -69, -24, 1400], [220, 425, -88, -24, 1400], [66, 490, -15, 30, 1400], [99, 482, -48, 12, 1600], [33, 497, -20, 12, 1500], [440, 281, 14, -36, 1600], [236, 461, 89, -12, 1300], [468, 258, -51, -12, 1800], [492, 220, -54, -18, 1600], [122, 527, -22, -12, 1800], [126, 530, 33, -12, 1500], [114, 581, -68, 18, 1600], [-13, 604, 2, 12, 1700], [-192, 570, 111, 12, 1700], [71, 591, 157, 12, 2000], [60, 608, 104, 12, 2000], [91, 617, 18, 18, 1600], [92, 601, 136, 12, 1600], [-18, 623, -101, 12, 1500], [147, 616, -50, 30, 1500], [-584, 237, -82, 24, 1600], [-599, 402, -18, 18, 1400], [-47, 922, 123, 12, 1800], [-61, 921, 150, 12, 1800]]",222
2025-03-28 16:06:56.490,"[[5, 40, -30, -12, 4500], [5, 40, -30, -18, 5000], [5, 41, -29, -24, 4800], [4, 42, -27, -30, 3900], [5, 44, -31, -12, 5300], [5, 44, -32, -18, 5900], [5, 44, -31, -24, 5500], [4, 46, -29, -30, 4900], [3, 46, -29, -36, 4400], [2, 45, -30, -42, 4200], [1, 46, -30, -48, 4300], [17, 46, -32, 30, 1900], [2, 49, -32, -42, 2900], [6, 48, -33, -12, 3100], [32, 42, -24, 36, 1600], [2, 49, -32, -36, 3000], [17, 54, -14, 12, 2800], [6, 48, -33, -24, 3100], [0, 49, -31, -48, 3100], [8, 67, -17, -24, 3100], [18, 64, -21, 24, 3100], [24, 68, -13, 42, 2600], [5, 69, -26, -30, 3100], [18, 67, -23, 18, 3100], [7, 71, -18, -18, 3100], [24, 68, -15, 30, 3100], [37, 61, -17, 54, 1700], [-11, 71, -17, -12, 2400], [25, 69, -1, 36, 2900], [2, 67, -30, -36, 2300], [8, 69, -25, 12, 3100], [8, 70, -22, -24, 3100], [22, 67, -20, 24, 3100], [35, 64, -8, 48, 2100], [5, 71, -31, -30, 2500], [24, 70, -23, 18, 3100], [30, 76, -23, 30, 2800], [35, 75, -20, 36, 2600], [1, 80, -28, -36, 2000], [43, 72, -13, 60, 1600], [32, 75, -24, 12, 2900], [39, 70, -28, 24, 2600], [23, 78, -26, 48, 1400], [45, 75, -17, 42, 2400], [2, 84, -30, -30, 2600], [30, 78, -32, 18, 2200], [46, 60, -48, -18, 1600], [33, 80, -20, 30, 2400], [2, 83, -33, -12, 1900], [42, 77, -15, 36, 1900], [-1, 85, -27, -36, 2000], [43, 31, -72, 12, 2200], [3, 86, -24, -24, 2300], [-7, 94, -37, 12, 2600], [39, 85, -38, 24, 2300], [16, 97, -37, -30, 1900], [-4, 98, -37, 18, 2300], [53, 84, -33, -18, 1600], [-11, 100, -30, -12, 1100], [14, 98, -33, -36, 2000], [-3, 97, -40, 12, 3000], [19, 96, -37, -24, 1800], [18, 102, -31, -30, 2000], [-6, 101, -39, 18, 2500], [9, 107, -14, -18, 1900], [23, 95, -47, -36, 1600], [1, 100, -42, 12, 3100], [14, 106, -20, -24, 2100], [59, 82, -41, 24, 1500], [14, 108, -29, -30, 1700], [-7, 127, -35, 18, 2200], [-5, 127, -36, 12, 2800], [-17, 124, -43, 24, 1700], [-7, 132, -34, 12, 2200], [-124, 13, -65, 12, 1300], [7, 141, -25, -12, 1700], [-2, 116, -85, 12, 1700], [0, 138, -52, 18, 1400], [-140, 39, -28, 54, 2000], [-1, 145, -27, 12, 2300], [30, 140, -33, 48, 1900], [31, 146, -26, 54, 2000], [2, 150, -24, 12, 2100], [-1, 149, -28, 24, 1500], [30, 146, -29, 48, 1900], [4, 162, -20, 18, 1700], [-11, 161, -22, 12, 1600], [40, 209, -21, 24, 1600], [31, 215, -12, 18, 2100], [28, 215, -18, 30, 1800], [16, 212, -44, 12, 2700], [44, 213, -6, 24, 1600], [25, 220, 1, 18, 2000], [29, 219, -13, 12, 1900], [-8, 236, 14, 12, 1500], [19, 227, -91, -30, 1700], [31, 220, -114, -30, 2300], [42, 210, -127, -42, 1900], [39, 197, -148, -12, 1800], [188, 228, 7, -30, 2500], [-228, 178, 61, -12, 1700], [196, 220, -6, -36, 2000], [-5, 294, -34, -24, 2300], [186, 234, -7, -30, 2500], [30, 292, -57, -42, 1600], [-218, 191, -77, -12, 1600], [180, 239, -1, -36, 1800], [212, 209, -33, -24, 2000], [189, 233, -48, -30, 2000], [219, 205, -43, -24, 1800], [-193, 236, -43, -12, 1600], [182, 248, 44, -24, 1800], [164, 265, 42, -24, 1800], [-263, 164, -78, -42, 1500], [0, 346, -10, 12, 1700], [-6, 350, 16, 18, 1700], [-2, 350, -17, -12, 1200], [0, 350, -17, -24, 1300], [-339, 118, -16, 18, 2000], [28, 307, -182, 12, 2200], [115, 333, -65, 24, 1800], [-346, 107, -17, 18, 2300], [-355, 62, -45, 30, 1600], [326, 155, 21, 36, 1200], [109, 343, -41, 24, 2000], [324, 169, -7, 18, 2300], [-37, 371, 58, 24, 1600], [-11, 381, -4, -18, 1900], [-23, 377, -57, -12, 1900], [87, 368, 52, 12, 1900], [-12, 377, -79, -18, 1500], [-36, 384, -14, -12, 2100], [5, 381, 80, 12, 1600], [-4, 372, -138, -18, 2200], [2, 357, -174, -24, 1600], [-14, 401, -6, -18, 2100], [106, 438, -32, -24, 1700], [103, 398, -197, -30, 1800], [111, 399, -190, -18, 1700], [104, 402, -187, -24, 1700], [117, 419, -147, -18, 1500], [126, 402, -184, -24, 1400], [190, 420, -79, 12, 1500], [205, 391, -165, 12, 1500], [-59, 473, 52, -18, 1400], [443, 260, 62, -30, 1500], [442, 268, 31, -60, 1700], [-42, 554, -122, 12, 1900], [-390, 408, 69, -24, 1700], [9, 627, -16, -12, 1400]]",150
2025-03-28 16:06:56.597,"[[7, 38, -25, -36, 4300], [8, 37, -26, -42, 3700], [12, 44, -22, -12, 3600], [12, 40, -28, -18, 3900], [9, 41, -28, -30, 4500], [7, 41, -28, -36, 5200], [8, 41, -29, -42, 4800], [4, 44, -25, -48, 3900], [14, 47, -24, -12, 4500], [16, 49, -26, -18, 4000], [16, 49, -27, -24, 4000], [12, 44, -37, -30, 4000], [8, 47, -34, -36, 4800], [8, 45, -36, -42, 4300], [2, 50, -30, -78, 3300], [24, 54, -15, 42, 3400], [20, 56, -15, 36, 3800], [28, 44, -33, 30, 3600], [22, 55, -15, 24, 4500], [19, 56, -15, 18, 4700], [16, 57, -16, 12, 4200], [15, 53, -28, -12, 4000], [12, 54, -27, -18, 3600], [38, 57, -13, 72, 3100], [37, 55, -20, 66, 3400], [35, 58, -16, 54, 3700], [33, 57, -21, 48, 3200], [27, 62, -16, 42, 4700], [25, 63, -13, 36, 5400], [23, 65, -10, 30, 5200], [23, 64, -14, 24, 4900], [23, 64, -16, 18, 4700], [20, 65, -15, 12, 4300], [14, 64, -24, -12, 3800], [9, 62, -31, -18, 3900], [9, 62, -31, -24, 3300], [27, 67, -13, 36, 3100], [7, 76, -28, -24, 1600], [47, 66, -8, 72, 1900], [38, 63, -35, 24, 2100], [3, 73, -36, -48, 2300], [42, 65, -24, 48, 2700], [4, 82, -23, -30, 2200], [50, 66, -21, 66, 2300], [39, 66, -38, 18, 2900], [51, 55, -39, 30, 2100], [38, 69, -31, 54, 1900], [49, 63, -29, 36, 2900], [3, 82, -22, -36, 1900], [53, 64, -19, 60, 2100], [24, 70, -42, 12, 2200], [5, 82, -21, -24, 1800], [36, 70, -32, 24, 2500], [52, 67, 4, 48, 2100], [26, 84, -31, 12, 2800], [7, 92, -14, -24, 1700], [29, 85, -24, 24, 3100], [39, 80, -25, 48, 2400], [24, 91, -24, 18, 2600], [4, 93, -27, -18, 1800], [43, 81, -31, 30, 2100], [53, 70, -42, 54, 1500], [5, 90, -37, -12, 2000], [64, 68, -24, 36, 1200], [10, 91, -33, 12, 2900], [8, 94, -22, -24, 1400], [38, 86, -26, 24, 3100], [43, 89, -19, 30, 2200], [51, 84, -21, 36, 2100], [5, 89, -47, 12, 2500], [48, 83, -31, 24, 2700], [34, 107, -11, 36, 1800], [4, 109, -26, 12, 3100], [27, 109, -2, 24, 2300], [2, 113, -30, 12, 2800], [13, 116, -27, 18, 2800], [33, 115, -4, 30, 2700], [37, 114, 1, 36, 1600], [10, 116, -28, 12, 2700], [23, 117, -7, 24, 2600], [32, 119, -7, 42, 1700], [19, 121, -19, 18, 2800], [36, 118, -8, 30, 2100], [40, 117, -7, 36, 1900], [13, 121, -25, 12, 2200], [15, 123, -11, 24, 2000], [37, 122, -6, 42, 1800], [25, 125, -3, 18, 2100], [26, 152, -38, -18, 1600], [15, 158, -11, -12, 2400], [13, 157, -19, 24, 1600], [6, 162, -21, 18, 1700], [16, 161, -21, -18, 1900], [12, 162, -8, -12, 2800], [-4, 162, -19, 12, 1700], [9, 166, -10, -12, 2600], [1, 168, -30, 18, 1800], [-22, 163, -48, 12, 1700], [12, 171, -37, 18, 1900], [107, 131, -46, 12, 1600], [6, 177, -20, -12, 1400], [32, 173, -30, 12, 2000], [18, 179, -30, 12, 2100], [-1, 198, -9, -24, 2000], [-2, 202, 4, -30, 2000], [162, 179, -43, -18, 1600], [170, 168, -55, -12, 1600], [21, 248, 8, 18, 1500], [116, 218, -34, 72, 1800], [116, 222, -33, 66, 1800], [117, 221, -35, 78, 1800], [118, 221, -35, 72, 2200], [120, 224, -33, 78, 1800], [119, 224, -35, 72, 2000], [169, 218, -47, -18, 1700], [163, 223, -42, -12, 1500], [158, 230, -50, -18, 1500], [187, 217, -27, -12, 1200], [192, 218, -23, -12, 1800], [109, 271, 0, -24, 1800], [200, 235, -63, -24, 2200], [200, 239, -65, -24, 2300], [40, 335, 30, 18, 2100], [45, 350, 21, 18, 1800], [34, 349, 50, -12, 1700], [-9, 354, 7, 12, 2300], [156, 322, 17, 30, 1400], [-20, 351, 68, 12, 2400], [113, 339, -27, 24, 1600], [141, 333, 15, 30, 1600], [-7, 359, -43, -12, 1600], [107, 343, 43, 24, 1800], [38, 379, -13, -12, 1900], [133, 355, 43, 12, 2200], [91, 374, -24, 18, 2000], [55, 381, 4, -12, 1700], [126, 364, 4, 12, 2100], [81, 381, 15, -30, 1500], [373, 113, -7, 18, 1800], [78, 381, -28, 12, 1800], [53, 386, 1, -24, 1600], [12, 391, -43, 12, 1800], [383, 65, 55, 24, 1400], [-4, 400, 33, -18, 1100], [-30, 458, 18, 12, 1900], [-14, 462, 29, 12, 1700], [311, 348, -28, 12, 1400], [137, 440, 114, -12, 1600], [34, 439, -190, -12, 1700], [368, 289, -133, 12, 1200], [41, 476, 111, 12, 1600], [122, 482, 39, 24, 1900], [76, 547, 16, 18, 1500], [138, 521, 124, -12, 1900], [152, 529, 51, 12, 1700], [-478, 296, -67, 18, 1900], [356, 428, 93, -18, 1400], [224, 518, -18, 12, 2000], [-85, 546, -118, 24, 1500], [101, 557, -49, 18, 2000], [207, 528, -41, 12, 2100], [51, 565, -36, 24, 1800], [110, 560, -38, 18, 2000], [199, 532, -70, 12, 1800], [129, 558, 6, 24, 1600], [195, 542, 26, 12, 1400], [-22, 605, 133, 24, 2500], [3, 606, 146, 18, 1800], [3, 616, 95, 24, 2600], [30, 623, 65, 30, 2300], [514, 357, 39, 24, 2500], [27, 630, -12, 30, 2200], [44, 620, -107, 36, 1900], [50, 624, -105, 30, 1700], [-598, 342, 153, 12, 1900], [-604, 356, 108, 12, 1900], [37, 716, -102, 18, 1400], [-407, 827, 68, -36, 1700]]",178
2025-03-28 16:06:56.748,"[[14, 35, -20, -12, 4100], [16, 38, -22, -138, 4800], [15, 37, -23, -144, 4800], [16, 37, -22, -150, 4700], [16, 38, -21, -156, 4600], [16, 38, -21, -162, 4600], [16, 38, -21, -168, 4500], [17, 38, -21, -174, 4600], [17, 38, -21, -180, 4500], [17, 38, -20, -186, 4400], [18, 37, -21, -192, 4400], [26, 43, -20, 42, 3700], [25, 43, -21, 36, 4100], [25, 43, -20, 30, 4100], [26, 44, -18, 24, 3500], [18, 44, -25, -12, 5500], [19, 44, -25, -162, 4900], [19, 44, -24, -168, 4800], [19, 45, -24, -174, 4800], [18, 44, -25, -180, 4800], [20, 44, -24, -186, 4700], [29, 46, -21, 42, 4000], [23, 29, -45, 12, 3400], [21, 48, -26, -12, 4400], [16, 47, -31, -24, 3400], [4, 51, -28, -96, 3400], [13, 45, -35, -144, 4000], [16, 46, -31, -150, 4100], [21, 58, -22, -150, 4900], [20, 58, -22, -156, 4700], [32, 53, -23, -168, 4500], [-6, 60, -26, -174, 4400], [-10, 55, -35, -180, 4400], [33, 47, -33, -186, 4400], [36, 39, -38, -192, 4500], [39, 57, -11, 60, 3600], [43, 52, -16, 54, 3900], [41, 55, -13, 48, 4100], [37, 58, -11, 42, 3900], [31, 61, -15, 36, 4000], [28, 61, -19, 24, 4700], [27, 61, -18, 18, 4600], [10, 66, -19, -12, 2900], [8, 65, -34, -24, 2700], [13, 66, -30, -30, 3600], [7, 67, -29, -36, 3000], [9, 63, -37, -156, 4600], [7, 61, -40, -162, 4700], [7, 59, -44, -168, 4900], [13, 59, -42, -174, 4900], [18, 59, -41, -180, 4700], [16, 58, -42, -186, 4300], [11, 59, -43, -192, 3900], [36, 68, -4, 66, 2400], [46, 61, -14, 60, 4000], [47, 59, -17, 54, 4200], [37, 68, 2, 42, 3000], [32, 70, -8, 36, 3700], [32, 70, -10, 30, 3800], [35, 65, -23, 24, 3600], [12, 76, -27, 24, 2900], [8, 50, -64, 18, 3200], [46, 55, -38, 12, 3000], [8, 74, -32, -30, 3200], [8, 73, -34, -36, 3300], [7, 74, -32, -42, 2500], [20, 56, -56, -156, 3800], [-50, 25, -60, -162, 4200], [-51, 34, -54, -168, 4200], [-54, 36, -50, -174, 4000], [-56, 34, -49, -180, 3900], [-58, 33, -48, -186, 3900], [0, 64, -50, -192, 4400], [52, 55, -39, 54, 2400], [-13, 83, -14, 48, 2500], [6, 79, -32, 30, 3400], [12, 67, -52, 24, 3300], [4, 87, -19, -24, 2700], [-2, 74, -50, -162, 4800], [-1, 75, -49, -168, 4800], [1, 74, -50, -174, 4600], [2, 71, -54, -180, 4500], [4, 68, -58, -186, 4400], [4, 66, -60, -192, 4300], [45, 79, -18, 48, 3600], [44, 80, -18, 42, 3900], [43, 78, -27, 36, 4000], [47, 73, -34, 30, 3900], [41, 81, -22, 24, 3100], [22, 68, -59, 12, 3500], [12, 91, -15, -12, 3700], [-8, 89, -27, -18, 2400], [6, 91, -21, -24, 2700], [2, 80, -48, -162, 5100], [-76, 62, -24, 24, 3000], [21, 97, -14, 18, 3900], [28, 96, -8, 12, 3700], [12, 99, -12, -12, 3300], [14, 98, -18, -18, 2700], [-15, 90, -43, -168, 5400], [-12, 91, -41, -174, 5400], [-9, 92, -40, -180, 5300], [-7, 92, -40, -186, 5300], [-4, 92, -40, -192, 5300], [36, 98, -7, 36, 3200], [35, 98, -8, 30, 3700], [46, 93, -3, 24, 3000], [17, 102, -15, 18, 3900], [22, 101, -11, 12, 3600], [12, 104, -2, -12, 2400], [12, 102, -22, -18, 2400], [13, 110, -20, -18, 2200], [-67, 74, -53, -174, 4600], [-63, 80, -50, -180, 4700], [-58, 85, -47, -186, 4700], [-56, 87, -45, -192, 4800], [27, 112, -14, 42, 2500], [31, 112, -7, 36, 2700], [25, 113, -13, 24, 3200], [45, 102, -34, 18, 2900], [11, 113, -24, -12, 2400], [-61, 74, -67, -174, 4500], [-62, 76, -64, -180, 4500], [-59, 81, -61, -186, 4500], [38, 113, -13, 42, 2400], [39, 113, -9, 36, 3100], [-6, 89, -81, 30, 2600], [23, 117, -13, 24, 4000], [-15, 127, -35, -186, 4600], [-15, 126, -36, -192, 4600], [30, 132, -10, 30, 2600], [17, 134, -16, 24, 2400], [15, 134, -14, 18, 3000], [-9, 101, -97, 36, 2400], [39, 133, -18, 30, 2300], [22, 138, -7, 24, 2700], [19, 137, -15, 18, 3600], [24, 137, -15, 12, 3500], [1, 136, -30, -192, 4600], [-115, 52, -70, 30, 1900], [20, 142, -7, 24, 2600], [21, 141, -14, 18, 3300], [21, 141, -16, 12, 3500], [8, 185, -25, 12, 2800], [10, 186, 8, -18, 2000], [7, 189, -19, 12, 2400], [5, 194, -5, 12, 2600], [36, 188, 34, -12, 2600], [12, 197, 13, 18, 2100], [3, 198, 0, 12, 2800], [12, 197, 12, -12, 2300], [-141, 124, -76, 24, 2100], [4, 199, -35, 18, 2500], [-1, 202, -8, 12, 2800], [6, 201, 14, -24, 2200], [11, 202, 7, -30, 2200], [14, 196, 45, -36, 2400], [19, 204, -23, 30, 2400], [28, 204, -9, 24, 2400], [-8, 204, -30, 12, 3100], [0, 213, 42, -18, 2400], [2, 86, -201, -24, 2300], [210, 30, -64, 42, 2400], [-197, 76, -69, 36, 3200], [-172, 112, -85, 30, 2700], [50, 106, -189, 24, 2700], [35, 161, -148, 18, 2600], [30, 194, -103, 12, 2900], [10, 219, 28, -18, 2100], [44, 203, -89, 42, 1500], [-191, 106, -61, 30, 1700], [91, 188, -84, 36, 1800], [33, 124, -187, 12, 1600], [192, 39, -141, 18, 1500], [172, 160, -56, -12, 1600], [146, 199, -69, 36, 1600], [109, 201, -117, 12, 1900], [118, 210, -88, 24, 2100], [167, 184, -76, 30, 1800], [101, 207, -122, -12, 1900], [115, 216, -90, 36, 2200], [142, 213, -47, 60, 1500], [117, 206, -108, 12, 1600], [136, 201, -96, 72, 1400], [103, 235, -44, 24, 1700], [87, 229, -88, 48, 1600], [155, 182, -112, 54, 3100], [163, 179, -107, 84, 2400], [162, 149, -147, 36, 3100], [158, 191, -92, 60, 3000], [135, 181, -138, 12, 3000], [145, 197, -101, 72, 2500], [149, 200, -117, 24, 3100], [157, 216, -68, 48, 2500], [182, 180, -104, 96, 2200], [172, 191, -111, 54, 3100], [186, 182, -103, 84, 2600], [154, 188, -139, 36, 2800], [179, 187, -106, 60, 3100], [177, 193, -98, 72, 3100], [170, 150, -165, 24, 2400], [166, 192, -119, 48, 3100], [186, 194, -92, 90, 1800], [168, 186, -134, 42, 2800], [180, 198, -94, 66, 2400], [-8, 277, -63, -18, 1800], [176, 198, -102, 78, 3000], [149, 207, -125, 30, 2300], [173, 193, -117, 54, 2700], [172, 197, -130, 36, 2100], [135, 226, -126, 24, 1900], [143, 218, -131, 48, 2200], [160, 210, -132, 42, 2900], [217, 164, -115, 66, 2300], [163, 205, -136, 18, 2900], [185, 187, -136, 30, 2900], [172, 215, -108, 54, 2100], [173, 196, -137, 36, 3000], [219, 170, -102, 60, 2300], [181, 169, -162, 12, 2300], [115, 247, -115, 72, 1700], [146, 220, -134, 24, 2900], [159, 214, -127, 48, 2500], [170, 207, -133, 42, 3100], [178, 206, -125, 66, 2600], [164, 209, -138, 18, 3100], [188, 188, -138, 30, 3100], [170, 218, -135, 18, 2900], [195, 189, -145, 30, 2500], [181, 211, -132, 54, 2200], [168, 221, -131, 36, 3000], [195, 196, -136, 60, 2300], [198, 164, -168, 12, 2200], [122, 257, -116, 24, 2700], [195, 199, -130, 48, 2400], [226, 175, -125, 42, 1200], [153, 260, -79, 18, 2200], [-38, 255, -176, 30, 1600], [170, 251, -72, -12, 1900], [156, 245, -113, 36, 1700], [-6, 302, -76, 12, 1400], [68, 252, -171, 24, 1900], [195, 214, -114, 48, 1500], [117, 263, -128, -18, 1800], [183, 242, -132, 36, 1900], [163, 260, -124, 24, 2300], [115, 313, -30, 18, 2000], [-50, 325, 62, -18, 1900], [189, 241, -136, 30, 1800], [181, 266, -93, 36, 1800], [-52, 324, 65, -24, 1600], [154, 277, -108, 24, 1900], [-134, 308, 44, -18, 1900], [228, 240, 71, 30, 1800], [250, 226, 22, 36, 1600], [-134, 308, 44, -24, 1600]]",256
2025-03-28 16:06:56.791,"[[23, 36, -17, 24, 4600], [27, 42, -20, 24, 5100], [29, 41, -21, 18, 4500], [25, 43, -21, 12, 4700], [29, 45, -21, 30, 3500], [30, 46, -19, 24, 4200], [30, 45, -20, 18, 4000], [28, 46, -22, 12, 4000], [32, 49, -20, 54, 3200], [24, 55, -10, 12, 3500], [18, 54, -24, -18, 3500], [31, 56, -16, 18, 2800], [38, 61, -29, 18, 2900], [27, 68, -25, -18, 3100], [40, 65, -12, 30, 3100], [47, 61, -6, 54, 2500], [26, 69, -24, -12, 3100], [38, 66, -15, 36, 3100], [51, 58, -6, 60, 2300], [29, 61, -38, 12, 2000], [22, 66, -35, -24, 2900], [39, 68, -19, 42, 2400], [29, 66, -38, -30, 2000], [39, 65, -27, 18, 3100], [39, 61, -37, -18, 2400], [53, 57, -23, 30, 2500], [44, 67, -10, 54, 3000], [37, 67, -28, -12, 2400], [38, 80, -5, 36, 2500], [46, 75, -12, 60, 2000], [19, 87, -5, 12, 2900], [36, 80, -13, 24, 2900], [45, 73, -23, 48, 2400], [33, 86, -11, 18, 3100], [39, 81, -23, 30, 2700], [20, 91, -5, 12, 2900], [48, 80, -25, 42, 2500], [35, 90, -8, 18, 3100], [43, 80, -34, 30, 2600], [27, 80, -48, 54, 1800], [46, 80, -29, 36, 2400], [25, 94, -6, 12, 2900], [28, 92, -10, 24, 2400], [32, 81, -42, 48, 2300], [21, 102, -43, 36, 1400], [16, 111, -6, 12, 2600], [-67, 73, -55, 24, 1600], [9, 109, -40, 18, 2800], [11, 107, -45, 12, 2600], [7, 110, -47, 18, 2400], [8, 115, -33, 12, 2700], [58, 102, -25, 24, 1800], [65, 94, -49, 18, 2100], [-18, 101, -70, 12, 1800], [51, 113, -6, 24, 2400], [35, 120, -26, 18, 2300], [45, 119, -16, 30, 2200], [24, 121, -36, 12, 2500], [43, 120, -14, 24, 2500], [22, 126, -32, 18, 1700], [19, 165, -17, 18, 1900], [10, 163, -37, 12, 2000], [25, 169, -8, 18, 1600], [27, 160, -53, 12, 1900], [32, 144, -95, 18, 1500], [49, 168, -9, 12, 1300], [6, 182, 14, -18, 1800], [20, 182, -38, 18, 1400], [5, 186, 11, -18, 1900], [10, 193, 23, -24, 2000], [24, 196, 13, 18, 1600], [8, 197, 20, -24, 1700], [27, 198, 27, 18, 1900], [23, 201, 7, -12, 1700], [15, 205, 15, -12, 1900], [122, 212, -120, 12, 1600], [108, 191, -168, 18, 1600], [-1, 288, -1, -18, 2400], [0, 287, 28, -12, 2600], [192, 214, 5, -24, 1400], [201, 210, -24, -18, 2100], [194, 217, 3, -12, 2100], [241, 204, -43, -18, 1600], [194, 251, -27, -12, 1900], [185, 250, -71, 12, 2200], [97, 272, -135, -24, 1500], [172, 247, -117, 18, 1800], [197, 251, -50, -12, 1600], [180, 257, -76, 12, 2200], [161, 237, -157, 18, 2000], [177, 223, -160, 12, 2200], [180, 200, -193, 12, 1800], [-1, 328, -100, -12, 1900], [37, 360, 16, -12, 1700], [20, 361, 21, 12, 2700], [3, 358, -55, 24, 1600], [38, 354, 85, 18, 1800], [65, 353, 72, -12, 2000], [13, 366, 13, 12, 3000], [93, 355, 43, -12, 2100], [17, 367, 40, 12, 2600], [180, 323, 4, 24, 1800], [143, 340, 57, 18, 2400], [122, 352, -19, -18, 1600], [-271, 256, -34, 30, 1200], [105, 358, -1, -12, 2000], [198, 316, 11, 24, 2000], [58, 366, 73, 18, 2100], [156, 327, -163, 18, 1900], [-340, 192, 75, 12, 2100], [-334, 211, 72, 12, 1800], [-409, 84, -54, 18, 1500], [-258, 318, -98, 12, 1800], [-25, 416, -83, -12, 1500], [152, 394, -46, 12, 2100], [26, 427, -22, 18, 1400], [24, 385, -186, -18, 1500], [12, 426, -44, -12, 1600], [29, 410, -133, -18, 1500], [50, 461, 12, -24, 1600], [45, 465, 5, -18, 1800], [39, 465, -34, -24, 1700], [-67, 452, 116, -12, 1900], [282, 381, -32, -12, 1700], [239, 408, -73, 12, 1600], [53, 482, -47, 12, 1600], [123, 474, -32, 12, 2000], [96, 476, 92, -12, 1900], [175, 462, -25, 12, 2100], [409, 285, 8, -30, 1500], [107, 487, 10, -12, 2100], [-362, 357, -123, 18, 1700], [38, 495, -163, 12, 2100], [192, 487, 77, 18, 1700], [150, 494, 118, 12, 2000], [223, 484, 22, 18, 2000], [154, 494, 130, 12, 2200], [-397, 357, -70, 18, 1600], [30, 533, -64, -18, 1500], [-6, 531, -83, 24, 1600], [225, 503, 49, -12, 1700], [104, 589, 40, 12, 2200], [57, 565, -207, 18, 1600], [337, 502, 136, -12, 1300], [-83, 610, 101, -12, 1700], [374, 502, 20, 18, 1800], [-89, 615, 81, -12, 1400], [326, 516, -144, 12, 1700], [382, 499, -54, 18, 2100], [410, 468, -104, 24, 1700], [192, 623, 119, 18, 1600], [135, 646, -61, 12, 2200], [160, 637, 112, 18, 1600], [-625, 232, 106, 12, 1600], [663, 25, -160, 12, 1600], [536, 427, -22, 12, 1700], [89, 673, 158, 12, 1700], [-471, 490, -189, 12, 1600], [98, 700, 94, 18, 1300]]",159
2025-03-28 16:06:56.893,"[[26, 35, -16, 30, 2100], [26, 35, -15, 24, 2300], [27, 39, -17, 18, 2300], [27, 38, -17, 30, 3100], [28, 39, -15, 36, 2100], [27, 38, -17, 24, 3100], [27, 40, -13, 48, 2200], [29, 41, -19, 18, 2600], [29, 41, -18, 30, 3100], [29, 44, -13, 54, 2000], [30, 42, -17, 36, 2700], [29, 41, -18, 24, 3100], [32, 44, -20, 30, 2800], [33, 44, -18, 36, 2600], [28, 47, -21, 12, 2700], [31, 44, -21, 24, 2800], [20, 54, -21, -12, 2200], [26, 53, -17, 12, 3000], [21, 56, -14, 24, 2100], [30, 56, -15, 18, 3100], [23, 55, -27, -18, 2800], [22, 57, -23, -12, 3100], [24, 59, -15, 12, 3100], [26, 57, -20, 24, 2200], [31, 60, -15, 18, 3100], [24, 59, -29, -18, 3100], [37, 56, -18, 30, 2600], [24, 60, -26, -12, 3100], [27, 62, -14, 12, 3100], [24, 58, -31, -24, 2600], [44, 33, -43, 24, 2500], [32, 64, -15, 18, 3100], [26, 62, -30, -18, 3100], [36, 62, -15, 30, 3100], [26, 63, -28, -12, 3100], [31, 65, -15, 12, 3100], [39, 60, -13, 24, 3100], [18, 72, -21, 42, 2000], [35, 67, -15, 18, 3100], [27, 66, -30, -18, 3000], [36, 67, -15, 30, 3100], [28, 67, -28, -12, 3100], [23, 72, -19, 36, 2400], [35, 68, -14, 12, 3100], [40, 65, -14, 24, 3100], [21, 76, -17, 42, 2300], [38, 64, -33, 18, 2800], [39, 69, -15, 30, 3100], [34, 72, -15, -12, 1400], [33, 73, -10, 36, 2700], [52, 60, -13, 60, 2200], [37, 54, -48, 12, 2600], [41, 68, -16, 24, 3000], [42, 73, 0, 42, 3100], [39, 75, -10, 30, 3000], [61, 56, -16, 54, 2100], [46, 71, -3, 36, 3000], [53, 65, -14, 60, 2100], [34, 70, -34, 12, 3000], [44, 70, -20, 24, 2500], [43, 72, 11, 48, 2400], [45, 76, -6, 42, 3100], [34, 75, -34, 18, 2700], [34, 82, -5, 30, 3100], [25, 78, -35, -12, 1900], [51, 73, -7, 36, 3100], [35, 76, -32, 12, 3000], [35, 80, -16, 24, 2800], [45, 77, -3, 48, 3100], [48, 79, -8, 42, 3100], [30, 87, -13, 18, 2800], [31, 87, -8, 30, 3100], [27, 81, -36, -12, 1800], [53, 76, -8, 36, 3100], [35, 84, -20, 12, 2200], [49, 79, -8, 48, 3100], [51, 82, -12, 42, 3100], [31, 92, -7, 18, 2700], [26, 93, -13, 30, 2900], [53, 78, -20, 36, 2700], [33, 91, -10, 24, 3100], [55, 79, -12, 48, 2800], [36, 94, -7, 18, 2500], [36, 69, -64, 36, 2300], [39, 60, -71, 12, 1600], [33, 94, -11, 24, 2700], [39, 97, -2, 18, 2100], [38, 97, 2, 30, 2200], [34, 97, -17, 12, 1700], [39, 97, -1, 24, 2500], [29, 101, -26, 18, 2400], [42, 100, -4, 30, 2500], [50, 94, -18, 36, 2100], [38, 100, -16, 24, 2400], [48, 92, -44, 42, 2100], [27, 107, -20, 18, 2800], [53, 99, -2, 30, 2100], [50, 97, -26, 36, 2200], [23, 109, -17, 12, 2700], [31, 106, -24, 24, 2200], [22, 113, -18, 18, 2700], [76, 74, -49, 30, 1600], [21, 113, -16, 12, 2700], [17, 112, -28, 24, 1500], [13, 118, -19, 18, 2200], [80, 63, -64, 30, 1500], [76, 91, -15, 24, 1600], [8, 106, -65, 18, 2100], [-111, 52, -25, 12, 1700], [84, 77, -49, 24, 1900], [15, 101, -77, 18, 1900], [4, 118, -50, 30, 1900], [30, 93, -90, 18, 1600], [16, 122, -48, 30, 1700], [18, 129, -21, -12, 1800], [19, 118, -57, 12, 2000], [35, 93, -93, 18, 1600], [22, 126, -46, 12, 2300], [33, 84, -107, 18, 1600], [26, 136, -12, -12, 1600], [25, 134, -30, 12, 2200], [28, 115, -82, 18, 1600], [29, 137, -29, 12, 2200], [53, 129, -50, 18, 1600], [40, 138, -33, 12, 2200], [54, 138, -30, 18, 1800], [69, 132, -30, 12, 2000], [81, 164, -65, 12, 1800], [37, 190, 13, 24, 1900], [51, 190, 21, 18, 2300], [67, 164, -88, 12, 1600], [46, 196, 0, 18, 2000], [47, 196, -7, 12, 1700], [12, 214, 2, 12, 1700], [19, 216, 12, 18, 1800], [25, 216, -11, 12, 2000], [29, 219, 10, 18, 1800], [25, 219, 24, 12, 1700], [8, 225, 2, 18, 1600], [179, 146, -68, -12, 1600], [-17, 334, 15, -12, 1700], [45, 324, -87, -18, 1700], [87, 332, 47, 18, 2100], [303, 164, -37, 12, 2200], [-122, 328, 30, 18, 2300], [-150, 317, 2, 12, 2500], [93, 337, 23, -24, 1900], [-43, 371, 4, 12, 2500], [34, 372, 56, 18, 2000], [290, 222, 95, 30, 1900], [67, 368, 46, -12, 2000], [60, 371, 30, 12, 2800], [-205, 317, 55, 18, 2000], [66, 376, 3, -12, 2000], [67, 375, 24, 12, 2800], [355, 128, 53, 24, 2000], [48, 382, 25, 18, 1900], [72, 379, 6, -12, 1800], [52, 382, -8, 12, 2500], [-351, 143, 72, 24, 1800], [37, 383, -60, 18, 1500], [-383, 76, -14, 12, 2000], [139, 416, 90, 12, 2200], [138, 422, 82, 12, 1700], [-80, 456, -22, -12, 1500], [215, 415, 2, -12, 1700], [157, 442, 39, -12, 1900], [124, 456, 42, -12, 2000], [288, 370, -77, -24, 1500], [116, 463, 42, -12, 1500], [-17, 473, 93, 18, 1600], [-79, 475, 71, 18, 1500], [430, 227, 30, -42, 1600], [61, 483, 19, -12, 1700], [234, 463, 53, 12, 1900], [278, 444, 50, 12, 2000], [133, 522, 107, -12, 1500], [136, 530, 80, -12, 1500], [367, 391, 135, 12, 2000], [180, 523, 93, -12, 1700], [199, 523, 78, -12, 1900], [62, 558, 64, 12, 1500], [488, 306, 73, 12, 1400], [226, 524, 125, -18, 1600], [99, 608, 155, 12, 1800], [374, 516, -41, 18, 1600], [584, 258, -14, 12, 1800], [-88, 637, -68, 12, 1700], [280, 582, 26, 24, 1700], [225, 603, 91, -12, 1600], [66, 646, -36, 12, 1700], [-460, 466, -3, 30, 1900], [197, 607, 145, 12, 1500]]",193
2025-03-28 16:06:56.998,"[[28, 39, -13, 36, 2600], [32, 41, -15, 42, 2800], [28, 43, -15, 30, 3000], [35, 44, -15, 42, 2900], [31, 45, -20, 18, 2400], [29, 48, -16, 30, 3000], [30, 48, -14, 36, 3100], [38, 46, -15, 42, 2400], [32, 49, -19, 18, 3000], [31, 50, -16, 30, 2800], [29, 52, -14, 36, 2400], [28, 52, -19, 12, 2200], [33, 49, -18, 24, 3100], [30, 56, -18, 18, 3100], [38, 51, -16, 30, 2900], [28, 57, -18, 12, 3100], [36, 52, -18, 24, 3000], [30, 60, -18, 18, 3100], [30, 60, -19, 12, 3100], [21, 65, -14, 24, 3100], [33, 63, -19, 18, 3100], [18, 69, -19, 30, 2800], [33, 62, -20, 12, 3100], [27, 67, -14, 24, 3100], [37, 65, -20, 18, 3100], [54, 49, -27, 36, 2100], [37, 65, -21, 12, 3100], [32, 69, -16, 24, 3100], [45, 66, -12, 42, 2600], [41, 67, -20, 18, 3100], [56, 44, -38, 30, 2500], [49, 62, -19, 36, 2800], [45, 63, -22, 12, 3000], [38, 68, -22, 24, 3100], [46, 70, -13, 42, 2900], [51, 63, -27, 18, 2600], [67, 30, -44, 30, 2000], [54, 64, -14, 54, 2200], [1, 78, -34, 12, 2500], [47, 35, -62, 24, 2800], [46, 75, -9, 42, 3100], [53, 71, -8, 54, 3000], [32, 77, -32, -12, 1900], [42, 78, -8, 36, 3100], [55, 69, -10, 60, 2200], [50, 73, -6, 48, 3100], [49, 78, -8, 42, 3100], [40, 84, -4, 30, 3100], [54, 75, -8, 54, 3100], [40, 75, -39, -12, 1900], [46, 80, -6, 36, 3100], [45, 77, -27, 12, 2400], [27, 89, 3, 24, 2300], [52, 76, -8, 48, 3100], [51, 82, -9, 42, 3100], [44, 78, -36, 18, 2400], [45, 86, -6, 30, 3100], [54, 80, -10, 54, 2800], [47, 72, -45, -12, 1500], [48, 84, -8, 36, 3100], [37, 87, -22, 24, 2000], [54, 80, -9, 48, 3100], [53, 85, -10, 42, 3100], [44, 75, -50, 18, 2700], [46, 89, -9, 30, 3100], [50, 86, -10, 36, 3100], [47, 81, -36, 12, 3100], [37, 83, -43, 24, 1900], [55, 83, -10, 48, 2900], [56, 88, -8, 42, 2700], [51, 68, -61, 18, 2300], [41, 95, -13, 30, 2300], [25, 93, -39, -12, 1700], [53, 89, -11, 36, 2900], [49, 78, -49, 12, 2700], [20, 93, -45, 24, 1800], [55, 93, 1, 42, 2300], [33, 103, 7, 30, 2000], [26, 102, -25, -12, 1700], [51, 96, -1, 36, 2300], [20, 107, -4, 12, 2500], [27, 89, -57, 24, 2100], [55, 98, 0, 42, 2400], [27, 95, -54, 18, 2300], [33, 107, 2, 30, 2300], [54, 98, -1, 36, 2400], [22, 106, -30, 12, 2500], [36, 107, -3, 24, 2800], [55, 102, -7, 42, 2100], [36, 93, -60, 18, 2600], [34, 111, 5, 30, 2300], [55, 102, -5, 36, 2100], [24, 105, -45, 12, 2700], [38, 110, -8, 24, 2900], [40, 82, -78, 18, 2500], [60, 102, -21, 36, 1800], [26, 109, -43, 12, 2900], [38, 106, -42, 24, 2600], [52, 52, -100, 18, 2100], [47, 115, -1, 30, 2300], [25, 111, -49, 12, 2100], [59, 54, -101, 18, 2100], [42, 121, -5, 30, 2200], [16, 126, -17, -12, 1700], [57, 110, -33, 12, 2100], [40, 121, -3, 24, 2300], [60, 75, -91, 18, 2000], [36, 126, -14, 30, 1600], [19, 130, -15, -12, 2000], [33, 127, -16, 24, 2200], [37, 127, -30, 30, 1600], [19, 134, -13, -12, 1800], [58, 103, -68, 36, 1600], [34, 129, -26, 12, 2500], [28, 131, -21, 24, 1800], [31, 133, -26, 12, 2200], [30, 132, -35, 24, 1600], [34, 137, -27, 12, 2000], [43, 138, -30, 12, 1900], [20, 33, -143, 24, 1400], [-1, 143, -50, 18, 1600], [53, 135, -44, 12, 2000], [16, 57, -140, 24, 1600], [-3, 145, -58, 18, 1700], [68, 132, -46, 12, 2000], [9, 151, -38, 24, 1500], [-14, 155, -34, 18, 1600], [-5, 158, -19, 12, 2000], [-1, 158, -42, 12, 1500], [22, 146, -78, 18, 1500], [13, 158, -52, 12, 1500], [9, 167, -38, 18, 1500], [40, 196, 48, 24, 1100], [-17, 202, -69, 18, 1600], [14, 208, -49, 12, 1800], [17, 208, -46, 24, 1400], [-102, 187, -48, 18, 2100], [64, 205, -35, 12, 1900], [45, 209, -57, 18, 1700], [39, 217, -16, 30, 1700], [46, 215, -29, 12, 1800], [34, 216, -36, 24, 1800], [45, 221, 8, 30, 2000], [39, 226, -2, 30, 1800], [44, 241, -12, 12, 1600], [53, 239, -44, 18, 1400], [52, 243, -6, 12, 1600], [120, 229, -53, -12, 1700], [63, 234, -157, 12, 1600], [73, 332, 41, 30, 1600], [48, 335, 51, 12, 2500], [40, 337, 44, 24, 1500], [9, 346, 12, 18, 2100], [59, 340, 36, 30, 1600], [71, 339, 9, 24, 1300], [40, 345, 45, 18, 2100], [30, 349, 9, 12, 2400], [60, 334, 86, 24, 1500], [31, 343, 82, -12, 1700], [98, 339, -21, 12, 2500], [57, 338, 89, 24, 1600], [-13, 355, 42, -18, 1400], [-352, 68, -17, -12, 1700], [-219, 305, 40, 30, 1500], [68, 370, 30, 12, 2400], [-5, 376, 34, 24, 2400], [-256, 280, 48, 30, 1800], [16, 381, 5, 24, 2100], [68, 375, 59, 18, 1600], [69, 377, 40, 30, 2000], [54, 382, 1, 24, 2200], [351, 149, 80, 18, 1600], [72, 382, 27, 30, 1700], [379, 50, 74, 12, 1800], [61, 384, 18, 24, 1900], [382, 94, -1, 12, 1800], [-383, 49, 98, 18, 1900], [373, 115, 74, 12, 1500], [130, 369, 86, 18, 2100], [-443, 108, 19, 18, 1800], [96, 445, -15, -12, 1600], [83, 435, 107, 24, 1600], [-431, 151, 54, 18, 1500], [57, 459, 29, 12, 1800], [-24, 467, 12, 12, 2100], [232, 408, 38, -12, 2100], [295, 366, -8, 12, 2300], [238, 410, 18, -12, 2400], [280, 383, -6, 12, 2400], [239, 413, -42, -12, 2100], [42, 470, 103, 18, 2000], [235, 421, 24, -12, 1700], [272, 391, 99, -12, 1700], [39, 477, 88, 12, 2000], [65, 515, -83, 18, 1500], [130, 466, -207, 12, 1600], [64, 519, -54, 24, 1600], [480, 224, 5, 18, 1700], [13, 519, -105, 12, 1800], [18, 528, -42, 24, 1600], [-488, 214, 42, 18, 1800], [-389, 358, 74, 12, 1700], [-461, 277, 28, 18, 1600], [89, 517, 116, 12, 1700], [98, 526, 84, 12, 1700], [117, 530, 126, -18, 1400], [224, 562, -52, 12, 1600], [149, 605, 98, 30, 1500], [-7, 626, 77, 12, 2500], [376, 494, 111, 24, 1600], [32, 633, 34, 30, 1600], [6, 635, 7, 12, 2200], [433, 452, 106, 24, 2000], [-548, 425, 185, 18, 1600], [-617, 364, -48, 12, 1700], [-603, 371, 139, 12, 1700], [635, 370, -52, 18, 1200], [-508, 521, 114, 12, 1400], [502, 569, -83, 12, 1500], [769, 91, -90, 12, 1600]]",220
2025-03-28 16:06:57.100,"[[34, 39, -14, 42, 3100], [35, 39, -13, 54, 3100], [34, 39, -15, 36, 2200], [34, 39, -13, 48, 3100], [37, 43, -14, 42, 3100], [37, 43, -14, 54, 3100], [36, 42, -15, 36, 3000], [37, 42, -13, 60, 2800], [35, 41, -22, 24, 2400], [37, 43, -14, 48, 3100], [39, 46, -14, 42, 3100], [39, 46, -14, 54, 3100], [39, 46, -14, 48, 3100], [39, 51, -12, 42, 3100], [46, 45, -11, 66, 2300], [19, 60, -16, 30, 1700], [41, 49, -13, 54, 3100], [38, 52, -12, 36, 3000], [31, 55, -19, 12, 2200], [30, 56, -14, 24, 3100], [40, 50, -12, 48, 3100], [35, 59, -11, 42, 3100], [47, 50, -9, 66, 1900], [33, 58, -18, 18, 3100], [31, 59, -19, 30, 3100], [38, 56, -14, 36, 3100], [31, 60, -15, 12, 2600], [33, 59, -17, 24, 3100], [32, 60, -10, 48, 3100], [35, 63, -15, 42, 3100], [37, 60, -21, 18, 3100], [34, 62, -20, 30, 3100], [44, 56, -16, 54, 2600], [40, 60, -15, 36, 3100], [40, 61, -10, 60, 2300], [39, 54, -32, 12, 2600], [36, 61, -19, 24, 3100], [42, 58, -16, 48, 3100], [42, 63, -18, 42, 3100], [42, 59, -28, 18, 3100], [37, 64, -22, 30, 3100], [43, 62, -17, 36, 2900], [40, 62, -22, 24, 3100], [44, 61, -17, 48, 3100], [45, 65, -17, 42, 3100], [54, 48, -38, 18, 2600], [44, 63, -26, 30, 3000], [47, 63, -20, 54, 2700], [41, 67, -19, 36, 2800], [37, 66, -30, 12, 2500], [48, 58, -30, 24, 3100], [46, 64, -19, 48, 3100], [45, 69, -20, 42, 2900], [44, 64, -36, 18, 2700], [50, 62, -31, 30, 2800], [53, 59, -31, 54, 1700], [44, 69, -24, 36, 2900], [49, 59, -37, 12, 2300], [41, 63, -40, 24, 2400], [49, 65, -24, 48, 2700], [42, 67, -41, 42, 2100], [51, 72, -11, 66, 2600], [50, 66, -33, 18, 3000], [50, 61, -41, 30, 2600], [48, 60, -45, 36, 2300], [55, 59, -38, 12, 2300], [53, 71, -9, 72, 2100], [45, 68, -36, 24, 2300], [52, 76, -10, 66, 3000], [53, 69, -33, 18, 3100], [39, 76, -36, 30, 2700], [55, 44, -62, 36, 2200], [51, 77, -13, 60, 2400], [-49, 67, -43, 12, 2700], [53, 76, -8, 72, 2500], [49, 72, -32, 24, 2400], [56, 68, -31, 48, 1800], [47, 79, -30, 42, 1800], [53, 81, -8, 66, 3100], [54, 72, -37, 18, 3100], [38, 82, -35, 30, 2600], [54, 79, -12, 54, 2400], [48, 42, -73, 36, 1800], [41, 78, -41, 12, 3100], [53, 81, -6, 72, 2400], [48, 77, -34, 24, 2400], [52, 76, -30, 48, 2300], [37, 91, -21, 42, 2000], [54, 84, -7, 66, 2700], [45, 78, -45, 30, 2300], [56, 82, -14, 54, 2700], [53, 85, -11, 60, 2400], [42, 81, -42, 12, 2700], [55, 84, -4, 72, 2300], [48, 78, -41, 24, 2300], [52, 81, -29, 48, 2300], [39, 96, -13, 42, 2900], [59, 86, -6, 66, 1700], [42, 85, -45, 18, 2100], [36, 88, -44, 30, 2100], [59, 85, -16, 54, 2300], [35, 96, -22, 36, 3100], [58, 86, -13, 60, 1900], [60, 85, -6, 72, 1800], [47, 76, -54, 24, 1800], [46, 90, -26, 48, 2100], [41, 99, -15, 42, 3100], [37, 98, -26, 18, 2700], [31, 101, -25, 30, 2200], [37, 101, -16, 36, 3100], [38, 98, -28, 12, 2600], [38, 98, -29, 24, 1800], [46, 96, -17, 48, 2200], [43, 102, -18, 42, 2800], [34, 107, -7, 18, 2700], [36, 106, -7, 30, 2500], [39, 105, -14, 36, 3100], [35, 106, -15, 12, 2700], [54, 95, -25, 48, 1800], [50, 99, -37, 42, 1800], [37, 110, -1, 18, 2400], [24, 105, -44, 30, 2200], [35, 105, -36, 36, 2600], [34, 111, -14, 12, 2800], [34, 58, -100, 42, 1600], [28, 116, -6, 18, 2800], [33, 79, -85, 30, 2700], [36, 74, -88, 36, 2800], [28, 116, -14, 12, 2800], [38, 77, -90, 42, 2000], [23, 122, -4, 18, 2700], [30, 95, -74, 30, 2500], [39, 48, -108, 36, 2500], [18, 122, -10, 12, 2600], [28, 119, -18, 24, 2500], [10, 145, -27, 18, 1900], [47, 134, -40, 30, 1800], [35, 135, -48, 36, 1500], [26, 142, -33, 12, 2000], [34, 143, -7, 24, 1600], [33, 148, -1, 18, 1900], [23, 145, -38, 12, 1600], [39, 146, 2, 24, 1500], [40, 147, -32, 12, 1500], [25, 155, -26, 30, 1500], [22, 137, -87, 18, 1600], [23, 159, -26, 30, 1700], [17, 157, -42, 24, 1900], [18, 150, -71, 18, 1900], [16, 164, -29, 30, 1500], [12, 159, -49, 24, 1700], [11, 163, -51, 18, 1900], [29, 247, 12, 30, 1600], [10, 249, -2, 24, 1500], [26, 250, 27, 30, 1500], [189, 182, -36, -12, 1500], [196, 211, 47, 12, 2600], [151, 249, -122, 24, 2000], [144, 251, -134, 18, 2200], [59, 312, 28, 12, 1800], [152, 255, -116, 24, 2000], [186, 212, -158, 18, 1800], [51, 318, -23, 12, 1900], [181, 246, -106, 24, 1600], [37, 322, -41, 12, 1600], [-301, 155, -7, -36, 1600], [-318, 130, 4, -30, 1700], [50, 336, 45, 18, 1700], [106, 322, 51, 30, 1700], [-307, 153, -2, -36, 2000], [145, 307, 40, 24, 1900], [29, 345, 5, 18, 1900], [155, 340, 2, 30, 2100], [147, 342, 25, 36, 1500], [82, 362, 37, 12, 2300], [222, 300, -4, 24, 1900], [123, 347, -82, 18, 1700], [146, 348, 4, 30, 2500], [150, 346, -11, 36, 2000], [63, 371, -31, 12, 2000], [152, 345, 16, 24, 2200], [99, 368, 14, 42, 2000], [80, 372, 33, 18, 1700], [140, 355, 8, 30, 2400], [123, 361, -5, 36, 2200], [116, 361, 42, 24, 2100], [65, 375, 24, 48, 1400], [59, 379, 35, 42, 2300], [49, 371, -173, 30, 1700], [58, 405, 96, 12, 1500], [104, 407, 4, 24, 1600], [122, 410, 60, 18, 1600], [290, 335, -33, 54, 1500], [240, 377, -32, 18, 1800], [227, 369, -115, 12, 1900], [-99, 434, 52, 24, 1400], [199, 405, -17, 18, 1700], [260, 369, -5, -12, 1400], [154, 418, -75, 12, 1800], [160, 433, 43, 18, 1500], [40, 497, 59, 24, 1800], [32, 503, -49, 42, 1400], [-29, 507, 101, 12, 1600], [508, 135, 13, 18, 1400], [422, 318, 26, 18, 1400], [258, 461, -30, 12, 1200], [327, 416, 15, 24, 1400], [312, 425, 79, 24, 1500], [77, 539, -33, 12, 1500], [140, 525, 80, 12, 2100], [171, 508, 133, 12, 2100], [279, 465, 127, 12, 2100], [360, 418, 100, 18, 1600], [68, 599, 42, 12, 2200], [34, 597, 85, 24, 1700], [125, 594, 28, 18, 1700], [99, 599, -26, 12, 1800], [37, 610, 104, 12, 1700], [468, 395, 151, 18, 2200], [408, 454, 160, 12, 2300], [-653, 664, 125, -42, 2200], [-656, 661, 123, -48, 2800], [-657, 662, 144, -48, 1800]]",223
2025-03-28 16:06:57.184,[],0
2025-03-28 16:06:57.246,"[[54, 47, -17, 138, 2500], [54, 47, -17, 132, 2400], [57, 50, -18, 138, 2500], [45, 46, -43, -12, 1800], [57, 50, -17, 132, 2400], [59, 52, -18, 138, 2100], [46, 49, -45, -12, 2000], [60, 52, -16, 132, 2000], [44, 71, -14, 132, 1600], [50, 68, -28, 66, 2000], [48, 71, -24, 84, 1500], [50, 68, -28, 60, 2000], [52, 71, -29, 66, 2000], [47, 75, -30, 78, 1500], [51, 72, -30, 60, 2100], [54, 73, -33, 78, 2400], [69, 58, -36, 54, 1800], [56, 74, -28, 102, 1700], [54, 74, -33, 84, 2100], [51, 76, -31, 60, 1600], [53, 72, -36, 72, 2100], [61, 66, -37, 48, 2000], [55, 78, -31, 78, 2200], [66, 67, -36, 54, 2200], [52, 81, -29, 102, 2000], [57, 76, -34, 84, 2200], [61, 70, -39, 48, 2300], [52, 81, -40, 66, 1800], [52, 78, -46, 78, 2200], [63, 75, -35, 54, 1900], [51, 85, -33, 102, 1700], [50, 84, -36, 84, 1700], [59, 75, -42, 72, 2300], [59, 76, -41, 48, 1900], [56, 85, -37, 66, 1700], [57, 83, -40, 78, 2500], [60, 82, -39, 72, 2500], [56, 89, -41, 78, 1700], [58, 88, -38, 72, 1800], [46, 145, -31, 60, 1800], [43, 161, -1, 114, 2100], [46, 160, 5, 108, 1900], [44, 161, -3, 120, 2100], [45, 165, 2, 114, 2000], [48, 164, 8, 108, 1800], [48, 164, 0, 120, 2100], [115, 418, -43, 18, 1500], [239, 361, -75, 18, 1900], [266, 345, -58, 12, 2000], [317, 304, 15, 24, 1500], [275, 348, 15, 12, 2400], [272, 346, -57, 24, 1700], [238, 344, -160, 30, 1300], [259, 359, 67, 12, 2200], [237, 378, 69, 12, 1800], [236, 397, 109, 18, 1500], [126, 448, 94, 24, 1400], [176, 470, -11, 42, 1600], [141, 480, -47, 36, 1500], [122, 490, -37, 36, 1500], [211, 522, 42, 18, 1500]]",61
2025-03-28 16:06:57.339,"[[65, 53, -31, 162, 1900], [67, 56, -31, 162, 1900], [65, 67, -26, 168, 2000], [61, 76, -26, 162, 1700], [60, 78, -21, 174, 1900], [62, 76, -21, 168, 1800], [67, 71, -38, 126, 1700], [66, 71, -39, 132, 1600], [58, 82, -30, 156, 1800], [67, 72, -47, 114, 1800], [70, 72, -41, 126, 1800], [63, 82, -34, 150, 1700], [59, 83, -37, 156, 1900], [70, 71, -43, 120, 1900], [73, 75, -42, 126, 2000], [71, 78, -39, 132, 1900], [57, 88, -42, 156, 1700], [75, 72, -44, 120, 2300], [79, 76, -40, 138, 1900], [79, 76, -39, 126, 1700], [75, 79, -41, 132, 2300], [74, 79, -42, 120, 2200], [79, 82, -38, 138, 1700], [78, 81, -41, 132, 1900], [73, 87, -39, 120, 1900], [57, 109, -33, 138, 1900], [56, 110, -35, 132, 2000], [64, 110, -35, 138, 1600], [63, 109, -39, 132, 1900], [64, 148, -22, 48, 1800], [64, 153, -22, 48, 2000], [63, 157, -24, 48, 1600], [47, 222, -55, 54, 1600], [265, 389, 59, 36, 1800], [274, 393, -1, 36, 1600], [273, 392, -38, 12, 1600], [188, 457, -108, 30, 1300], [206, 520, -42, 18, 1600], [227, 501, 106, 24, 1600], [224, 513, 71, 18, 1600], [235, 510, 60, 24, 1600], [256, 506, 34, 24, 1500]]",42
2025-03-28 16:06:57.447,"[[73, 69, -41, 162, 1800], [74, 74, -41, 162, 1700], [78, 127, -28, -42, 2000], [79, 127, -24, -48, 1700], [80, 130, -30, -42, 3100], [78, 130, -33, -60, 1700], [78, 131, -31, -36, 2300], [86, 124, -38, -24, 1700], [85, 124, -41, 24, 1700], [81, 130, -27, -48, 2800], [82, 124, -45, 48, 1900], [84, 128, -44, 42, 1900], [94, 122, -38, -30, 2200], [82, 134, -25, -78, 1900], [82, 129, -43, -18, 1800], [83, 129, -42, -66, 1800], [91, 122, -45, 30, 2200], [82, 132, -32, -42, 3100], [79, 132, -40, -12, 2300], [81, 131, -36, -60, 2300], [91, 122, -45, 36, 1900], [80, 133, -34, -36, 2800], [86, 126, -45, -24, 2400], [79, 137, -18, -72, 1800], [83, 132, -29, -48, 3100], [86, 127, -44, 48, 2200], [88, 130, -43, 42, 1600], [100, 123, -37, -30, 2100], [84, 136, -30, -78, 1800], [84, 134, -42, -18, 1900], [88, 128, -49, -66, 1800], [95, 124, -48, 30, 2000], [85, 135, -34, -42, 3100], [84, 133, -44, -12, 2200], [85, 133, -42, -60, 2000], [96, 124, -45, 36, 1700], [82, 136, -38, -36, 2400], [88, 129, -47, -24, 2200], [81, 139, -25, -72, 1700], [85, 135, -33, -48, 2800], [91, 129, -42, 48, 1600], [84, 139, -39, -18, 1600], [89, 135, -43, -42, 2000], [97, 126, -51, -12, 1400], [96, 126, -52, -24, 1800], [81, 137, -52, -48, 1800], [83, 131, -72, -36, 1600], [81, 146, -51, -48, 1600], [154, 68, -59, -12, 1600], [149, 84, -63, -12, 1600], [73, 200, -45, -12, 1600], [73, 204, -46, -12, 1800], [77, 207, -46, -12, 1700], [75, 211, -51, 48, 1600], [52, 214, -76, 54, 1400], [185, 138, -52, 12, 1600], [186, 146, -48, 12, 1700], [66, 268, 1, -108, 1800], [68, 271, 12, -114, 2000], [65, 272, 3, -108, 2200], [57, 278, -1, -102, 1600], [63, 277, 2, -114, 1900], [62, 277, 0, -108, 2100], [52, 283, -4, -108, 1900], [262, 400, 13, 30, 1700], [269, 394, 41, 24, 1500], [266, 403, -6, 66, 1800], [259, 407, 10, 30, 1600], [265, 409, 8, 66, 1600], [344, 371, -108, 18, 1800], [361, 357, -119, 18, 1700], [352, 371, -104, 12, 1600], [351, 366, -123, 24, 1400]]",73
2025-03-28 16:06:57.575,"[[67, 65, -48, 48, 1800], [86, 62, -56, 36, 1700], [77, 83, -51, 18, 1900], [74, 84, -53, 24, 2000], [78, 88, -51, 30, 1700], [78, 87, -51, 24, 2100], [90, 83, -49, 42, 1900], [85, 86, -54, 30, 2400], [86, 86, -50, 54, 2000], [86, 85, -53, 36, 2100], [83, 89, -51, 24, 2300], [88, 88, -55, 30, 2900], [90, 89, -50, 54, 2500], [97, 81, -51, 84, 1800], [90, 88, -52, 36, 3000], [87, 92, -49, 60, 2400], [89, 91, -48, 72, 2000], [87, 90, -52, 24, 2400], [94, 89, -51, 42, 3000], [90, 94, -50, 114, 2000], [93, 91, -51, 78, 2300], [91, 93, -51, 30, 2500], [95, 88, -53, 54, 2200], [99, 84, -51, 84, 2200], [93, 90, -51, 36, 2900], [89, 94, -52, 60, 2400], [88, 94, -54, 108, 1800], [90, 93, -52, 72, 2200], [91, 95, -46, 24, 1900], [93, 90, -51, 48, 2400], [97, 95, -45, 42, 2100], [93, 94, -56, 78, 1900], [103, 86, -51, 84, 1800], [96, 97, -42, 36, 1800], [90, 99, -51, 60, 1800], [90, 96, -57, 72, 2000], [97, 94, -50, 48, 1800], [70, 123, -42, -54, 1800], [72, 121, -45, -42, 1900], [73, 121, -44, -36, 1800], [86, 123, -18, 54, 2600], [70, 127, -44, -60, 2700], [82, 126, -20, 36, 1900], [75, 124, -43, -36, 2400], [87, 123, -14, 60, 2100], [81, 121, -41, -24, 1800], [72, 126, -42, -48, 2600], [86, 123, -23, 48, 2700], [76, 128, -45, -66, 2200], [77, 128, -44, -42, 2500], [89, 126, -19, 54, 3100], [74, 129, -45, -60, 2900], [84, 130, -15, 36, 2500], [79, 127, -43, -36, 2100], [88, 127, -17, 60, 3000], [82, 125, -42, -24, 2100], [74, 130, -42, -72, 1800], [74, 129, -44, -48, 2700], [90, 125, -19, 48, 3100], [80, 130, -46, -54, 2600], [89, 129, -27, 42, 3100], [84, 129, -39, -30, 1700], [87, 132, -13, 66, 2100], [79, 131, -44, 18, 1900], [86, 124, -50, -66, 1700], [91, 124, -40, 30, 2400], [91, 128, -21, 54, 3100], [78, 131, -45, -60, 2500], [87, 128, -33, 36, 2900], [90, 129, -20, 60, 3100], [85, 128, -40, -24, 2100], [90, 130, -19, 72, 1800], [67, 140, -33, -72, 1800], [86, 129, -36, 24, 2700], [79, 130, -47, -48, 2300], [95, 126, -17, 48, 3100], [91, 130, -37, -54, 1500], [90, 131, -37, 42, 3100], [88, 137, -11, 66, 1800], [95, 125, -45, 30, 2700], [94, 130, -27, 54, 2300], [85, 131, -47, -12, 1900], [89, 129, -44, 36, 3100], [94, 131, -23, 60, 2400], [91, 129, -41, -24, 1400], [59, 150, -23, -72, 1900], [89, 130, -42, 24, 2900], [89, 126, -52, -48, 1400], [100, 126, -23, 48, 2800], [89, 133, -47, 42, 2900], [102, 119, -57, 18, 2200], [78, 141, -41, -18, 1800], [100, 125, -48, 30, 2800], [68, 148, -35, 54, 2000], [86, 138, -38, -12, 2300], [91, 131, -50, 36, 3000], [94, 127, -54, 12, 2500], [57, 156, -17, -72, 1800], [99, 126, -46, 24, 2400], [86, 137, -40, 48, 2700], [85, 139, -52, 42, 2100], [100, 126, -58, 18, 2400], [83, 143, -43, -18, 1700], [103, 128, -47, 30, 2100], [89, 142, -35, 54, 1800], [88, 143, -30, -12, 1800], [95, 132, -53, 36, 2200], [82, 139, -55, 60, 1600], [92, 134, -54, 12, 2400], [87, 142, -39, 48, 2200], [76, 144, -65, 66, 1700], [101, 129, -62, 18, 1800], [83, 134, -75, 60, 1700], [84, 147, -45, 12, 2300], [107, 129, -52, 24, 1300], [108, 134, -49, 18, 1700], [105, 134, -53, 36, 1800], [100, 134, -63, 60, 1800], [91, 148, -41, 12, 2400], [110, 140, -11, 24, 1400], [91, 151, -46, 42, 1800], [113, 136, -44, 18, 2000], [98, 144, -55, 36, 2000], [99, 148, -40, 12, 2100], [57, 201, -17, -78, 2300], [55, 202, -17, -90, 1800], [55, 202, -14, -84, 2400], [58, 205, -16, -78, 2500], [56, 206, -13, -90, 2200], [56, 206, -16, -84, 2700], [59, 209, -17, -78, 2300], [56, 210, -14, -90, 2200], [56, 210, -14, -84, 2400], [45, 219, -26, 36, 1700], [40, 225, -26, 36, 1600], [36, 268, -88, -54, 1400], [34, 273, -73, -78, 1500], [50, 271, -70, -66, 1800], [24, 268, -92, -60, 1400], [47, 271, -69, -72, 2300], [5, 295, -101, -12, 1800], [229, 209, -27, -24, 1700], [230, 214, -17, -24, 1700], [215, 232, -41, -24, 1800], [167, 369, -75, -156, 1600], [170, 373, -75, -162, 1700], [170, 373, -77, -156, 1900], [178, 372, -83, -156, 1600], [242, 371, -30, -12, 1500], [368, 298, -34, 90, 1800], [274, 380, -77, -12, 1900], [368, 296, -46, 84, 1600], [239, 415, 0, -18, 1600], [270, 391, -57, -12, 2100], [235, 406, -97, 12, 1600], [211, 434, 27, -18, 1900], [260, 403, -55, -12, 2000]]",157
2025-03-28 16:06:57.689,"[[73, 66, -36, 72, 1700], [76, 69, -36, 66, 1700], [77, 68, -36, 78, 1800], [72, 68, -45, 30, 2000], [77, 68, -35, 84, 1600], [75, 69, -37, 72, 2100], [72, 67, -46, 24, 1800], [80, 70, -37, 78, 1800], [74, 71, -46, 30, 1600], [79, 71, -35, 84, 1600], [78, 72, -37, 72, 1800], [75, 73, -51, 18, 1800], [79, 75, -50, 18, 2100], [84, 62, -59, -18, 1700], [75, 79, -51, 30, 1800], [84, 62, -60, -12, 1800], [82, 73, -49, 12, 1800], [76, 78, -50, 24, 2000], [88, 75, -45, 18, 1700], [85, 62, -66, -18, 1800], [81, 80, -48, 30, 1900], [82, 72, -68, -18, 2000], [90, 79, -46, 30, 1600], [76, 81, -63, -12, 2100], [83, 80, -65, -18, 1800], [80, 86, -59, -12, 2300], [82, 82, -63, 12, 2300], [85, 86, -62, 18, 1700], [84, 91, -56, -12, 1700], [86, 84, -63, 12, 1900], [89, 101, -36, 60, 1700], [80, 114, -48, 30, 1800], [79, 114, -50, 36, 1700], [72, 123, -37, 12, 1800], [122, 77, -30, -192, 1700], [83, 116, -52, 18, 2300], [82, 117, -51, 30, 2300], [80, 118, -51, 36, 1900], [75, 124, -44, 12, 2700], [84, 115, -53, 24, 2700], [101, 110, -43, 42, 1600], [86, 119, -52, 18, 2300], [86, 118, -54, 30, 2000], [89, 116, -54, 54, 1800], [85, 119, -53, 36, 1600], [83, 121, -51, 60, 1600], [78, 127, -45, 12, 2600], [90, 115, -53, 24, 2400], [95, 111, -54, 48, 1900], [89, 128, -31, 90, 2300], [95, 119, -46, 42, 2100], [85, 126, -45, 18, 1700], [59, 147, -14, -12, 1800], [92, 126, -32, 84, 2000], [92, 120, -47, 36, 1700], [97, 115, -51, 24, 1800], [93, 120, -48, 48, 2000], [90, 128, -31, 96, 2500], [89, 132, -35, 90, 3100], [86, 132, -41, 66, 2400], [87, 136, -24, 114, 1800], [88, 132, -38, 78, 2300], [84, 133, -44, 54, 1800], [89, 132, -35, 102, 2400], [90, 131, -37, 84, 3000], [89, 131, -41, 60, 2400], [88, 135, -26, 108, 2100], [89, 129, -43, 72, 1800], [89, 132, -34, 96, 3100], [90, 135, -38, 90, 3100], [86, 136, -44, 66, 2400], [89, 135, -41, 78, 2400], [93, 137, -23, 126, 1700], [86, 136, -47, 54, 2100], [90, 135, -39, 102, 2500], [91, 134, -40, 84, 3100], [94, 136, -19, 132, 2100], [88, 135, -44, 60, 2700], [87, 140, -28, 108, 2200], [88, 136, -40, 72, 1800], [90, 138, -26, 120, 2000], [89, 136, -37, 96, 3100], [91, 138, -42, 90, 2900], [80, 144, -47, 66, 1900], [88, 144, -23, 114, 2000], [88, 140, -43, 78, 1800], [96, 140, -23, 126, 2000], [84, 141, -50, 54, 1800], [91, 138, -43, 102, 2000], [92, 138, -44, 84, 2600], [96, 140, -20, 132, 2100], [84, 141, -48, 60, 2300], [91, 139, -42, 72, 1800], [92, 141, -27, 120, 2000], [90, 139, -41, 96, 3000], [98, 143, -22, 114, 1600], [98, 143, -23, 126, 1800], [99, 143, -19, 132, 1800], [94, 144, -30, 120, 1800], [96, 147, -34, 90, 1700], [90, 150, -36, 78, 1500], [93, 148, -36, 84, 1900], [99, 150, -31, 78, 1900], [92, 154, -34, 84, 1800], [99, 149, -35, 96, 1800], [103, 151, -38, 96, 1700], [59, 192, -15, -54, 2400], [63, 191, -13, -42, 1900], [59, 193, -12, -60, 2200], [58, 193, -13, -48, 2400], [59, 197, -11, -54, 2900], [42, 193, -59, 42, 1700], [56, 198, -12, -66, 1900], [62, 196, -6, -42, 2500], [59, 197, -11, -60, 2500], [45, 191, -64, 36, 1700], [65, 195, -5, -36, 2000], [60, 197, -10, -48, 2500], [58, 201, -10, -54, 2500], [62, 201, -4, -42, 2500], [57, 202, -9, -60, 2300], [45, 194, -67, 36, 1700], [63, 200, 0, -36, 2000], [61, 201, -4, -48, 2300], [57, 205, -20, -54, 1700], [30, 202, -65, 42, 1700], [60, 205, 4, -42, 1900], [63, 204, 9, -48, 1800], [60, 213, -45, 48, 1400], [64, 217, -37, 42, 1800], [45, 221, -42, 36, 1600], [68, 220, -38, 42, 1800], [49, 225, -40, 36, 1600], [51, 223, -47, 48, 1700], [28, 260, -90, 12, 1600], [36, 270, -64, 12, 1700], [223, 175, -51, -18, 1700], [37, 276, -73, -12, 1600], [216, 343, -54, -18, 1900], [228, 336, -45, -12, 1900], [218, 342, -53, -24, 1700], [-84, 465, -47, -12, 1400], [311, 358, -68, -12, 1400], [356, 320, -65, -12, 1400], [471, 122, 20, -12, 1200], [-233, 502, 115, -12, 1200], [314, 468, -32, 12, 1500], [-206, 517, 115, -12, 1300]]",148
2025-03-28 16:06:57.784,"[[88, 84, -25, 150, 1900], [88, 74, -48, 36, 1800], [80, 86, -40, 72, 1800], [87, 84, -26, 144, 1900], [83, 81, -44, 48, 1800], [81, 88, -45, 42, 1700], [81, 89, -43, 66, 1600], [87, 81, -47, 54, 1900], [86, 81, -50, 36, 1800], [81, 91, -39, 72, 1900], [88, 82, -45, 48, 2300], [81, 95, -44, 42, 1900], [85, 90, -45, 66, 2000], [90, 84, -48, 54, 2000], [84, 93, -42, 72, 1700], [91, 84, -45, 48, 2200], [92, 90, -45, 66, 2000], [96, 77, -58, 30, 1900], [91, 87, -51, 54, 2100], [53, 109, -62, 24, 1300], [98, 70, -63, 48, 1600], [98, 81, -58, 30, 2100], [95, 90, -48, 54, 2400], [120, 31, -65, 24, 1500], [102, 79, -54, 48, 1800], [96, 97, -43, 54, 2300], [97, 97, -43, 48, 1800], [80, 112, -52, 18, 1900], [73, 115, -57, 30, 2000], [77, 111, -60, 36, 2300], [84, 116, -50, 42, 2400], [82, 116, -53, 18, 2500], [78, 117, -57, 30, 2600], [81, 116, -55, 36, 2800], [80, 119, -51, 24, 2600], [77, 125, -39, 48, 1800], [84, 122, -48, 42, 2400], [84, 118, -58, 18, 2400], [81, 120, -56, 30, 2600], [83, 121, -53, 36, 2800], [93, 118, -40, 60, 1900], [82, 120, -56, 24, 2500], [81, 126, -42, 48, 2300], [85, 125, -50, 42, 2100], [83, 120, -62, 18, 1700], [85, 122, -56, 30, 2300], [87, 122, -54, 36, 2500], [89, 127, -35, 60, 1900], [83, 122, -59, 24, 2200], [83, 129, -43, 48, 2000], [90, 143, -23, 66, 2000], [79, 148, -34, 54, 1800], [81, 148, -23, 60, 2000], [87, 143, -36, 48, 1700], [96, 143, -29, 66, 1800], [85, 151, -25, 60, 1900], [105, 146, -31, 150, 1700], [83, 163, -37, 42, 2200], [106, 149, -33, 150, 2000], [84, 162, -38, 54, 2400], [83, 163, -36, 60, 2200], [77, 165, -41, 24, 1700], [103, 152, -32, 144, 2200], [83, 162, -40, 48, 2600], [87, 165, -39, 42, 2900], [92, 163, -36, 66, 2000], [88, 164, -42, 54, 2900], [86, 165, -39, 36, 2600], [89, 164, -37, 60, 2800], [85, 163, -49, 24, 1800], [105, 155, -35, 144, 1900], [88, 163, -42, 48, 3000], [93, 166, -39, 42, 2800], [100, 161, -44, 66, 1800], [77, 175, -35, 30, 1800], [93, 166, -43, 54, 2800], [91, 167, -40, 36, 2600], [94, 166, -40, 60, 2600], [92, 166, -44, 48, 2800], [97, 169, -36, 42, 1800], [75, 182, -24, 18, 1800], [95, 169, -41, 54, 2100], [98, 169, -32, 36, 1900], [100, 165, -46, 60, 1800], [92, 171, -39, 48, 1900], [83, 180, -37, 18, 2100], [76, 184, -36, 12, 1700], [77, 183, -38, 24, 1900], [75, 191, -17, 18, 2500], [79, 177, -71, 36, 1700], [71, 192, -20, 24, 2500], [69, 198, -5, 18, 2600], [60, 199, -28, 36, 1800], [60, 201, -10, 12, 1800], [67, 199, -8, 24, 2600], [66, 203, 6, 18, 2100], [26, 208, -45, 36, 1700], [61, 205, -6, 12, 1800], [59, 205, -11, 24, 2000], [53, 224, -42, 18, 1400], [66, 224, -39, 42, 1900], [64, 264, -67, 42, 1800], [39, 269, -82, 42, 2000], [6, 257, -122, 48, 1700], [32, 276, -78, 42, 1900], [89, 276, -56, 114, 1700], [86, 276, -61, 108, 1900], [84, 278, -54, 120, 1600], [87, 280, -59, 114, 2100], [73, 285, -55, 126, 1600], [98, 282, -15, 150, 1900], [84, 276, -81, 102, 1700], [91, 284, -28, 132, 1700], [95, 283, -28, 156, 1800], [86, 282, -54, 108, 2200], [89, 288, -36, 114, 1700], [84, 291, 13, 150, 1700], [84, 289, -35, 102, 1500], [82, 291, -28, 156, 1600], [86, 288, -44, 108, 1900], [245, 177, -77, 12, 1600], [24, 297, -102, 42, 1500], [159, 268, -41, 18, 1700], [31, 299, -94, 36, 1700], [31, 317, -24, 42, 1400], [125, 292, -30, 18, 1900], [47, 314, 24, 30, 1800], [25, 314, -48, 36, 1800], [81, 307, 27, 24, 2200], [36, 315, 61, 42, 1500], [46, 317, 37, 30, 1700], [21, 322, -12, 36, 1700], [47, 323, -23, 30, 1700], [24, 326, 7, 36, 1700], [57, 319, -70, 30, 1600], [45, 326, -30, 36, 1800], [61, 324, -55, 36, 1600], [74, 342, -122, 12, 1500], [39, 343, -143, 12, 1600], [272, 283, -6, 18, 1700]]",140
2025-03-28 16:06:57.883,"[[93, 62, -54, 42, 2000], [92, 67, -50, 54, 1900], [93, 63, -54, 48, 2300], [94, 83, -24, 126, 1800], [88, 87, -33, 84, 1800], [94, 83, -26, 132, 1800], [95, 78, -35, 60, 1800], [90, 86, -28, 108, 1900], [80, 82, -57, 12, 2600], [91, 73, -51, 48, 2900], [96, 87, -28, 114, 2400], [81, 90, -53, 18, 2600], [91, 90, -33, 78, 2600], [96, 87, -25, 126, 2000], [88, 89, -41, 54, 2900], [96, 87, -25, 132, 2000], [75, 101, -39, 36, 2100], [85, 95, -36, 60, 2600], [95, 87, -28, 108, 2000], [81, 88, -55, 12, 2900], [95, 87, -26, 120, 1900], [80, 93, -49, 24, 2200], [87, 89, -46, 48, 3100], [94, 88, -28, 96, 1900], [98, 89, -30, 90, 1900], [100, 90, -18, 138, 1900], [83, 99, -43, 42, 2500], [86, 97, -41, 66, 2200], [99, 89, -26, 114, 1800], [84, 93, -52, 18, 2700], [95, 92, -33, 78, 2800], [82, 96, -50, 30, 1700], [86, 97, -40, 54, 2700], [96, 93, -27, 102, 1600], [94, 93, -33, 84, 2400], [73, 106, -45, 36, 2200], [86, 98, -37, 60, 2800], [98, 89, -29, 108, 1700], [84, 94, -52, 12, 2800], [98, 91, -25, 120, 1600], [83, 91, -56, 24, 2100], [84, 98, -44, 48, 3100], [86, 100, -44, 42, 2200], [88, 94, -53, 18, 2600], [98, 94, -31, 78, 2400], [89, 93, -55, 30, 2300], [80, 108, -37, 54, 1600], [97, 95, -32, 84, 2200], [80, 100, -55, 36, 1800], [88, 102, -37, 60, 2400], [87, 98, -48, 12, 2100], [93, 86, -58, 24, 2500], [94, 93, -55, 18, 1900], [94, 91, -59, 30, 2300], [104, 92, -37, 54, 2200], [99, 83, -62, 36, 1900], [97, 99, -38, 60, 2300], [100, 86, -57, 24, 2500], [57, 125, -41, 48, 1500], [80, 111, -56, 18, 1900], [104, 99, -32, 54, 2200], [103, 101, -30, 60, 1900], [80, 111, -56, 24, 1900], [110, 95, -25, 48, 1700], [87, 112, -53, 18, 2500], [81, 119, -48, 30, 2200], [101, 107, -33, 54, 1900], [94, 50, -108, 36, 1400], [102, 106, -38, 60, 1700], [87, 112, -54, 24, 2700], [99, 106, -56, 42, 1600], [89, 115, -54, 18, 2400], [77, 123, -56, 30, 1800], [96, 116, -39, 54, 1500], [98, 105, -59, 36, 1600], [101, 111, -40, 60, 1800], [87, 116, -56, 24, 2500], [104, 108, -52, 42, 1800], [91, 117, -58, 18, 1800], [88, 127, -38, 78, 1900], [90, 125, -37, 84, 2100], [98, 115, -49, 36, 1800], [97, 117, -45, 60, 1800], [84, 119, -63, 24, 1800], [100, 116, -55, 42, 1800], [91, 128, -41, 78, 2200], [92, 128, -40, 84, 2400], [96, 121, -52, 36, 1800], [98, 128, -45, 78, 2000], [96, 130, -43, 84, 2200], [93, 145, -27, 138, 2000], [92, 146, -29, 132, 1900], [95, 148, -31, 138, 2200], [93, 149, -30, 114, 1900], [93, 149, -32, 132, 2000], [98, 151, -33, 138, 2000], [96, 153, -25, 114, 1900], [90, 155, -36, 132, 1700], [83, 162, -41, 30, 1700], [92, 161, -45, 18, 2000], [88, 164, -41, 30, 2900], [92, 162, -39, 36, 2800], [84, 164, -49, 12, 1800], [87, 164, -42, 24, 2600], [96, 165, -36, 42, 2500], [95, 163, -47, 18, 2400], [90, 167, -42, 30, 3100], [94, 166, -35, 54, 2100], [95, 165, -39, 36, 2900], [94, 166, -38, 60, 2000], [92, 163, -55, 12, 1600], [91, 166, -43, 24, 2800], [96, 169, -37, 42, 2400], [99, 164, -51, 18, 2200], [94, 168, -44, 30, 2700], [96, 169, -36, 54, 2200], [95, 166, -51, 84, 1700], [97, 168, -39, 36, 2700], [91, 172, -37, 60, 2300], [95, 168, -46, 24, 2300], [66, 182, -58, 90, 2000], [95, 174, -38, 42, 2000], [94, 176, -29, 54, 1800], [89, 173, -53, 84, 1800], [97, 174, -33, 36, 1900], [83, 181, -32, 60, 1900], [85, 180, -33, 72, 1600], [83, 185, -35, 78, 1700], [78, 185, -48, 84, 1600], [77, 189, -26, 72, 2000], [72, 195, -31, 84, 1700], [76, 194, -23, 72, 2000], [57, 194, -72, 30, 1800], [60, 194, -69, 36, 1700], [55, 197, -75, 30, 1900], [58, 198, -70, 36, 1800], [57, 195, -78, 24, 1700], [55, 203, -69, 30, 1800], [61, 203, -64, 24, 1600]]",139
2025-03-28 16:06:57.992,"[[92, 68, -48, 36, 1600], [97, 66, -51, 42, 2700], [86, 86, -39, 18, 1900], [95, 65, -55, 30, 2300], [81, 85, -52, -12, 2600], [96, 68, -51, 36, 2800], [91, 68, -58, 24, 2000], [90, 85, -45, 18, 2100], [80, 93, -49, -18, 2000], [102, 56, -63, 30, 2400], [93, 81, -46, 54, 2100], [82, 90, -50, -12, 3000], [99, 71, -52, 36, 3100], [95, 70, -59, 24, 2300], [99, 72, -50, 48, 2700], [79, 95, -57, 18, 2000], [82, 96, -51, -18, 2000], [107, 47, -69, 30, 2000], [93, 90, -42, 54, 2500], [84, 95, -50, -12, 2900], [105, 72, -49, 36, 2500], [82, 98, -47, 12, 2300], [98, 88, -33, 72, 2000], [91, 86, -54, 24, 2100], [100, 79, -47, 48, 2600], [90, 96, -45, 42, 2400], [97, 93, -37, 66, 1900], [66, 113, -49, 18, 2200], [104, 90, -24, 78, 3100], [69, 106, -59, 30, 2400], [91, 99, -37, 54, 2600], [104, 90, -25, 84, 2700], [85, 100, -48, 36, 2700], [96, 96, -33, 60, 2000], [86, 100, -44, 12, 2600], [102, 91, -26, 72, 2700], [61, 115, -49, 24, 1800], [95, 96, -36, 48, 2300], [101, 97, -33, 66, 2700], [107, 93, -24, 78, 3100], [75, 115, -42, 30, 2500], [106, 93, -25, 84, 3000], [93, 99, -46, 36, 2700], [93, 103, -35, 60, 2300], [86, 106, -45, 12, 2300], [105, 95, -23, 72, 2900], [115, 67, -54, 24, 2000], [91, 105, -35, 48, 2600], [105, 98, -33, 66, 2600], [95, 100, -53, 18, 3000], [109, 97, -20, 78, 2800], [79, 119, -35, 30, 2600], [91, 111, -34, 54, 2600], [108, 98, -23, 84, 2400], [102, 106, -4, 36, 2200], [95, 108, -31, 60, 2100], [92, 105, -47, 12, 2800], [107, 99, -19, 72, 2600], [99, 82, -73, 24, 2600], [95, 107, -37, 48, 2900], [96, 109, -44, 42, 2900], [109, 100, -33, 66, 2000], [97, 101, -58, 18, 3100], [71, 128, -39, 30, 3000], [87, 121, -29, 54, 1800], [87, 120, -32, 36, 2500], [106, 104, -31, 60, 1500], [99, 104, -47, 12, 2700], [114, 88, -48, 72, 1700], [90, 106, -59, 24, 2900], [100, 107, -38, 48, 2600], [92, 115, -50, 42, 2000], [101, 104, -56, 18, 2800], [72, 131, -44, 30, 3000], [69, 133, -42, 36, 2400], [108, 102, -46, 12, 2200], [89, 116, -52, 24, 2700], [55, 135, -54, 48, 1500], [98, 120, -35, 42, 2300], [112, 105, -42, 18, 2600], [66, 134, -55, 30, 2200], [-64, 131, -65, 36, 2100], [123, 94, -36, 12, 1800], [115, 102, -41, 24, 2300], [79, 134, -33, 48, 1900], [100, 122, -40, 42, 2600], [122, 102, -34, 18, 2600], [133, 71, -62, 30, 2000], [95, 118, -61, 54, 1800], [101, 121, -40, 36, 2200], [86, 130, -48, 60, 1600], [137, 82, -29, 12, 1900], [122, 104, -30, 24, 2600], [90, 129, -42, 48, 2100], [99, 126, -47, 42, 2200], [133, 94, -35, 18, 2500], [117, 109, -50, 30, 1500], [101, 118, -62, 54, 1700], [85, 136, -48, 36, 1400], [133, 95, -34, 24, 2200], [96, 119, -68, 48, 1800], [132, 98, -47, 18, 2400], [101, 127, -55, 30, 1500], [138, 91, -42, 24, 2000], [131, 105, -50, 18, 2200], [116, 121, -51, 12, 1800], [131, 106, -48, 24, 1900], [135, 109, -42, 18, 1600], [114, 123, -60, 12, 1700], [131, 114, -39, 24, 1600], [101, 154, -27, 108, 1800], [110, 154, -25, 114, 1800], [104, 159, -17, 126, 2200], [102, 159, -23, 102, 1800], [104, 158, -21, 132, 1800], [104, 157, -29, 108, 2400], [109, 155, -14, 120, 1800], [98, 161, -26, 96, 2400], [115, 156, -14, 90, 1800], [112, 156, -27, 114, 2000], [97, 164, -40, 78, 1600], [107, 161, -22, 126, 2300], [98, 162, -44, 30, 2500], [89, 168, -41, 54, 2300], [106, 161, -23, 102, 2200], [105, 158, -43, 84, 1800], [105, 162, -24, 132, 1900], [106, 161, -29, 108, 2500], [98, 165, -31, 72, 2100], [112, 158, -20, 120, 2000], [96, 164, -40, 24, 2100], [91, 167, -41, 48, 1900], [92, 172, -34, 42, 2500], [102, 165, -40, 66, 1800], [115, 158, -30, 114, 1700], [101, 164, -45, 78, 1900], [102, 163, -47, 30, 2400], [88, 177, -42, 24, 1900], [107, 168, -32, 48, 2200], [103, 174, -36, 42, 2400], [113, 166, -45, 66, 2400], [115, 165, -43, 78, 1800], [101, 174, -45, 54, 2500], [108, 170, -43, 84, 1800], [101, 176, -36, 36, 2300], [94, 178, -42, 60, 2300], [111, 168, -44, 72, 2500], [82, 185, -38, 24, 2100], [105, 173, -41, 48, 2400], [123, 158, -61, 66, 2100], [90, 182, -54, 60, 2400], [115, 168, -50, 72, 2300], [84, 188, -42, 24, 2100], [99, 179, -48, 48, 2400], [217, 258, -153, -18, 1400], [206, 247, -190, -18, 1400], [110, 323, -171, 18, 1400], [240, 303, 50, 12, 1400], [331, 219, -4, 18, 1800], [50, 394, -1, 30, 1600], [42, 395, 9, 36, 1400], [50, 392, -39, 24, 1600], [40, 396, -48, 36, 1400], [95, 389, -23, 24, 1800], [119, 387, -1, 18, 1500], [110, 384, -67, 30, 1400], [110, 389, -26, 24, 1900], [288, 276, 87, 18, 1400], [156, 364, -102, 30, 1400], [276, 492, 63, 12, 1900], [275, 498, 66, 12, 1800]]",171
2025-03-28 16:06:58.086,"[[81, 88, -46, 18, 2600], [81, 89, -43, 12, 2900], [78, 93, -42, 24, 2100], [85, 90, -46, 18, 3100], [82, 93, -45, 12, 3100], [80, 95, -43, 24, 2800], [89, 92, -45, 18, 3100], [85, 96, -44, 12, 3100], [83, 100, -39, 24, 2900], [107, 85, -29, 36, 2200], [89, 98, -45, 12, 3100], [89, 102, -34, 24, 2900], [110, 86, -31, 42, 2300], [99, 94, -44, 18, 3000], [107, 92, -27, 30, 3100], [109, 88, -30, 36, 3100], [97, 100, -34, 24, 3100], [100, 95, -52, 18, 3100], [109, 95, -30, 30, 3100], [111, 92, -28, 36, 3100], [101, 99, -41, 24, 3100], [99, 101, -54, 18, 3100], [112, 96, -35, 30, 2900], [99, 107, -54, 18, 2800], [-68, 128, -58, 30, 2400], [128, 83, -29, 36, 2200], [136, 56, -51, 12, 2300], [121, 88, -54, 18, 2000], [126, 91, -34, -18, 1600], [-73, 129, -59, 30, 2600], [128, 88, -34, 12, 2700], [110, 117, -29, 18, 2500], [128, 94, -36, -18, 2000], [123, 104, -24, 30, 2300], [124, 98, -38, -12, 2200], [-60, 139, -61, 36, 1900], [113, 112, -34, 12, 2700], [103, 125, -18, 24, 2500], [98, 129, -40, 18, 2700], [131, 98, -33, -18, 1800], [125, 104, -36, -12, 2100], [92, 132, -44, 36, 2200], [105, 125, -36, 12, 2300], [97, 130, -39, 24, 2900], [101, 131, -44, 18, 2800], [126, 109, -39, -12, 1800], [98, 135, -40, 36, 2400], [118, 111, -55, 12, 2300], [99, 131, -47, 24, 2700], [108, 129, -47, 18, 2100], [99, 139, -39, 36, 1700], [126, 110, -52, 12, 2400], [89, 136, -65, 24, 1500], [132, 106, -57, 12, 1700], [80, 167, -43, 12, 1500], [86, 170, -38, 42, 1800], [106, 159, -34, 18, 2100], [94, 166, -36, 30, 2500], [102, 163, -27, 54, 2100], [88, 169, -37, 36, 2500], [100, 164, -30, 60, 1900], [106, 160, -29, 24, 2100], [91, 173, -35, 42, 2300], [104, 166, -29, 66, 2400], [107, 162, -39, 18, 2500], [99, 168, -37, 30, 2700], [107, 163, -31, 54, 3100], [89, 172, -39, 36, 2900], [106, 164, -31, 60, 2900], [106, 164, -34, 24, 2600], [110, 162, -29, 48, 3100], [126, 153, -37, 42, 2600], [108, 168, -33, 66, 2700], [105, 168, -38, 18, 3100], [115, 159, -49, 30, 1800], [111, 165, -35, 54, 3100], [94, 173, -43, 36, 2600], [109, 166, -36, 60, 3100], [105, 168, -40, 12, 3100], [108, 166, -38, 24, 3100], [113, 164, -33, 48, 3100], [106, 171, -46, 42, 2400], [110, 170, -37, 66, 2400], [103, 174, -40, 18, 3100], [112, 167, -44, 54, 3100], [87, 182, -43, 36, 2000], [112, 167, -45, 60, 2700], [105, 173, -39, 12, 3100], [108, 170, -41, 24, 3100], [113, 167, -40, 48, 3100], [101, 178, -45, 18, 3100], [103, 178, -41, 30, 2800], [108, 166, -69, 54, 2200], [83, 188, -41, 36, 2300], [103, 178, -43, 12, 3100], [108, 173, -49, 24, 3100], [104, 172, -59, 48, 2700], [111, 172, -63, 18, 2500], [111, 174, -58, 30, 2700], [104, 173, -70, 36, 2300], [89, 195, -35, 42, 1600], [134, 162, -57, 18, 1600], [113, 166, -84, 30, 2100], [130, 131, -115, 36, 1900], [48, 206, -52, 24, 1600], [98, 196, -30, 42, 1800], [108, 176, -80, 36, 1600], [151, 161, -48, 12, 2000], [147, 166, -59, 12, 1600], [155, 174, -43, 12, 1800], [158, 175, -48, 12, 1900], [271, 38, -112, 18, 1600], [249, 132, -88, 12, 1800], [275, 78, -89, 18, 1700], [211, 212, -15, -12, 1400], [265, 91, -105, 12, 2000], [-247, 171, -48, 30, 1300], [285, 81, -67, -12, 1300], [249, 147, -92, 12, 1800], [81, 310, -82, 18, 1400], [136, 286, -98, 12, 1700], [118, 337, 26, -12, 1500], [84, 320, -148, 18, 1300], [303, 190, -58, 12, 1600], [61, 355, -32, 24, 1300], [128, 340, -47, 18, 1800], [-135, 341, 0, 12, 1900], [144, 340, -23, 18, 2000], [133, 343, -35, 30, 1800], [-92, 359, -3, 12, 2200], [66, 399, -19, 12, 2200], [62, 397, -77, 18, 1800], [88, 398, -37, 12, 2300], [123, 386, -76, 18, 2000], [-152, 383, -27, 12, 2300], [144, 382, -83, 18, 1700], [-162, 384, 7, 12, 2000], [-176, 379, 51, 12, 1700], [366, 214, -6, -12, 1800], [360, 233, 2, -12, 1600], [-442, 41, -27, -12, 1500], [344, 275, 51, 12, 1600], [261, 312, -188, -12, 1500], [336, 552, 19, 12, 1500], [484, 414, 132, 18, 2100], [492, 411, 106, 24, 1900]]",146
2025-03-28 16:06:58.161,[],0
2025-03-28 16:06:58.262,"[[82, 95, -43, -12, 2200], [84, 95, -49, -12, 2100], [117, 72, -42, -12, 2500], [75, 121, -37, -18, 1600], [114, 87, -35, -12, 3100], [128, 76, -29, -12, 3100], [81, 126, -40, -30, 1800], [77, 127, -45, -18, 2000], [144, 31, -49, -12, 2600], [83, 126, -38, -36, 1700], [78, 129, -38, -24, 1900], [80, 131, -41, -30, 1900], [79, 127, -54, -18, 2100], [68, 132, -58, -12, 2700], [85, 128, -40, -36, 1600], [80, 133, -36, -24, 2200], [83, 119, -74, -18, 1800], [82, 134, -44, -12, 3100], [84, 135, -36, -24, 2300], [82, 140, -38, -18, 2300], [84, 135, -52, -12, 3100], [91, 140, -38, -18, 2600], [76, 140, -62, -12, 3000], [94, 141, -43, -18, 2400], [67, 143, -75, -12, 2400], [98, 139, -54, -18, 1700], [85, 138, -75, -12, 2100], [103, 138, -81, -12, 1800], [112, 152, -47, -12, 1700], [102, 167, -29, -18, 3000], [104, 164, -37, -12, 3100], [103, 167, -24, -24, 2300], [106, 169, -31, -18, 3100], [105, 169, -37, -12, 3100], [107, 169, -29, -24, 3100], [107, 172, -36, -30, 1800], [107, 173, -34, -18, 3100], [104, 174, -37, -12, 3100], [109, 172, -33, -24, 3100], [105, 178, -39, -18, 3100], [100, 181, -39, -12, 3100], [89, 190, -43, -18, 2300], [87, 190, -44, -12, 2900], [95, 188, -54, -12, 2300], [30, 277, 31, -12, 1500], [35, 281, -52, -12, 1700], [41, 282, -63, -12, 1800], [259, 134, -48, -12, 2000], [227, 194, -90, -12, 1400], [168, 242, -111, -12, 1600], [68, 309, -40, -18, 1900], [43, 303, -90, -12, 2100], [88, 298, -88, -18, 2100], [93, 297, -85, -12, 2500], [107, 299, -78, -12, 2600], [102, 315, -1, -12, 2300], [259, 253, 1, -12, 1600], [239, 276, -17, -12, 1500], [92, 385, -22, -12, 2100], [110, 375, 90, -12, 2300], [228, 286, -198, -12, 1800], [331, 283, -29, -12, 1600], [368, 216, -109, -12, 1800], [-229, 336, -180, -12, 1700], [326, 275, -148, -12, 1400], [-486, 209, 41, 12, 1400], [446, 325, 101, -12, 1400], [467, 311, 60, -12, 1500], [494, 263, 101, -12, 1500]]",69
2025-03-28 16:06:58.373,"[[81, 92, -38, -18, 2100], [70, 92, -55, -12, 1900], [85, 94, -39, -18, 2800], [78, 94, -49, -12, 2800], [85, 98, -40, -18, 2500], [82, 97, -49, -12, 2900], [89, 95, -40, -24, 1700], [93, 97, -36, -30, 1700], [91, 98, -41, -18, 2900], [88, 96, -51, -12, 2900], [91, 97, -41, -24, 2500], [97, 98, -40, -30, 1700], [95, 101, -37, -18, 3100], [96, 96, -46, -12, 3100], [89, 104, -44, -24, 2900], [94, 110, -26, -30, 2100], [101, 102, -35, -18, 3100], [99, 102, -39, -12, 3100], [100, 102, -35, -24, 3100], [93, 115, -30, -30, 2400], [103, 105, -37, -18, 3100], [98, 109, -39, -12, 3100], [104, 105, -35, -24, 3100], [90, 121, -36, -30, 2100], [105, 109, -37, -18, 3100], [95, 115, -43, -12, 3100], [104, 109, -36, -24, 3100], [94, 124, -33, -30, 1800], [107, 114, -29, -18, 3100], [92, 124, -40, -12, 3100], [110, 114, -14, -24, 2700], [98, 123, -43, -30, 1800], [78, 137, -42, -18, 2900], [85, 134, -35, -12, 2900], [119, 104, -39, -24, 2400], [75, 135, -65, -18, 2600], [98, 100, -91, -12, 2300], [39, 156, -46, -24, 1500], [87, 134, -61, -18, 2800], [92, 118, -82, -12, 2400], [100, 121, -77, -12, 1700], [88, 142, -51, -24, 1700], [75, 154, -50, -18, 1700], [98, 147, -45, -18, 2300], [86, 146, -67, -12, 1400], [98, 140, -63, -24, 1700], [109, 144, -46, -18, 2100], [110, 144, -44, -12, 1700], [101, 148, -51, -24, 1600], [106, 159, -35, -18, 2600], [106, 159, -36, -12, 3100], [106, 163, -38, -18, 3100], [105, 163, -40, -12, 3100], [112, 160, -35, -24, 2000], [107, 167, -40, -18, 3100], [105, 167, -42, -12, 3100], [116, 162, -30, -24, 2200], [109, 169, -44, -18, 3100], [106, 171, -45, -12, 3100], [112, 170, -50, -18, 3100], [107, 173, -51, -12, 3100], [53, 202, -62, -18, 1700], [49, 200, -70, -12, 2400], [52, 203, -73, -18, 2100], [51, 203, -72, -12, 2800], [38, 209, -77, -18, 1800], [35, 210, -74, -12, 2400], [-143, 230, -36, -12, 1700], [61, 280, -111, -12, 1400], [80, 293, -83, -12, 2300], [96, 300, -50, -18, 1900], [82, 302, -61, -12, 2800], [96, 306, -42, -18, 1700], [91, 303, -67, -12, 2600], [110, 292, -98, -12, 1700], [123, 313, -85, -12, 1600], [120, 323, -65, -12, 1600], [313, 172, -81, -12, 2100], [43, 352, -105, -12, 1800], [105, 320, -161, -12, 1700], [121, 300, -195, -12, 1800], [165, 348, -54, -12, 1500], [142, 358, 76, -12, 1500], [341, 226, -49, 12, 1700], [369, 193, -16, 18, 1700], [335, 244, -39, 12, 1900], [374, 193, 6, 18, 1600], [344, 234, -62, 12, 1800], [324, 291, 0, 12, 1600], [399, 184, -11, 18, 1700], [125, 414, -82, -12, 1700], [393, 206, -18, 18, 2400], [-439, 70, -16, 12, 1700], [390, 211, -24, 24, 2300], [391, 218, -14, 18, 2500], [447, 30, 0, 12, 1700], [392, 215, -27, 24, 2300], [384, 235, -29, 18, 1900], [-156, 412, -101, -12, 1600], [394, 218, -27, 24, 1800], [375, 254, -52, 18, 1700], [343, 305, 8, 12, 1400], [-214, 364, -202, -12, 1300], [381, 348, -101, -12, 1500], [413, 316, -100, -12, 1500], [418, 305, -131, -12, 1200]]",106
2025-03-28 16:06:58.460,"[[84, 78, -47, -12, 1800], [85, 87, -39, -18, 1600], [91, 84, -31, -12, 2100], [97, 84, -31, -12, 2400], [89, 93, -43, -18, 2300], [84, 101, -35, -12, 2900], [84, 103, -42, -18, 3100], [80, 106, -42, -12, 3100], [87, 100, -44, -24, 2300], [86, 106, -43, -18, 3100], [79, 111, -45, -12, 3100], [97, 98, -40, -24, 3100], [111, 89, -39, -30, 1800], [90, 108, -44, -18, 3100], [73, 119, -48, -12, 3100], [103, 98, -39, -24, 3100], [83, 118, -48, -18, 3100], [70, 127, -44, -12, 3100], [101, 107, -38, -24, 2700], [79, 124, -50, -18, 2900], [78, 128, -41, -12, 3100], [82, 130, -20, -24, 1700], [44, 145, -49, -18, 2200], [87, 127, -41, -12, 3100], [102, 118, -48, -12, 3100], [107, 111, -53, -24, 1800], [103, 94, -92, -18, 2000], [115, 106, -58, -12, 2900], [110, 104, -71, -24, 1500], [116, 98, -79, -18, 1800], [114, 109, -67, -12, 2700], [7, 151, -89, -18, 1600], [112, 105, -85, -12, 2100], [63, 158, -54, -18, 1800], [126, 119, -42, -12, 2000], [72, 157, -60, -18, 1800], [107, 141, -43, -12, 2200], [-69, 153, -83, -12, 1700], [91, 167, -41, -12, 1600], [107, 163, -35, -12, 2900], [112, 164, -36, -12, 3100], [107, 170, -45, 18, 1700], [116, 166, -38, -12, 3000], [-44, 198, -54, -12, 1800], [195, 84, -63, -12, 1500], [223, 151, -112, 12, 1700], [238, 158, -75, 12, 1700], [-283, 73, -86, -12, 1500], [238, 185, -78, 12, 1700], [214, 222, -64, 18, 1700], [92, 309, 23, -12, 1700], [-135, 330, -36, -12, 1400], [91, 381, -103, -12, 1500], [271, 302, -52, -12, 1900], [211, 334, -106, 12, 1400], [-219, 349, -22, -12, 1900], [-211, 359, -19, -12, 1900], [-204, 368, 0, -12, 1800], [131, 368, -184, -12, 1700], [254, 341, -75, 12, 1600], [-170, 400, -33, -12, 1400], [302, 307, -67, 12, 1700], [166, 387, -128, -12, 1700], [175, 378, -155, -12, 1700], [388, 224, -7, 24, 1800], [396, 214, -30, 30, 1800], [340, 295, 31, 12, 1800], [398, 213, -16, 24, 2000], [386, 242, 0, 12, 1800], [410, 207, -6, 12, 1700], [-215, 495, 46, -12, 1400], [313, 454, -33, -12, 1300], [710, 341, 72, -12, 1600], [722, 328, -54, -12, 1500]]",74
2025-03-28 16:06:58.550,"[[104, 57, -48, -12, 2300], [101, 67, -52, -18, 1800], [99, 73, -48, -12, 3100], [99, 85, -38, -18, 2600], [99, 81, -45, -12, 3100], [94, 97, -37, -18, 2800], [98, 91, -39, -12, 3100], [110, 85, -36, -18, 3000], [103, 92, -38, -12, 3100], [112, 89, -36, -18, 3100], [108, 91, -42, -12, 3100], [114, 93, -34, -18, 3100], [110, 97, -37, -12, 3100], [112, 97, -33, -24, 2300], [123, 91, -27, -18, 2100], [110, 108, -38, -18, 1900], [114, 97, -53, -12, 2900], [103, 120, -39, -18, 2000], [96, 112, -69, 12, 1400], [75, 136, -61, -18, 1500], [101, 125, -46, -12, 2700], [107, 120, -60, -12, 2300], [116, 112, -68, -12, 1700], [106, 159, -36, 12, 1700], [119, 155, -32, -12, 1900], [102, 163, -48, 12, 1700], [115, 163, -34, -12, 2100], [107, 164, -47, 12, 2100], [111, 167, -48, 12, 2400], [111, 169, -56, 12, 2000], [208, 200, -44, 12, 1500], [199, 217, -16, 12, 1700], [138, 258, -80, -12, 1600], [-154, 308, -67, -12, 1300], [307, 237, -128, -12, 1700], [-91, 368, -201, -12, 1500], [-209, 331, -193, -12, 1400], [383, 208, 19, 12, 1700], [344, 251, 108, -12, 1900], [366, 243, -15, 12, 1700], [383, 232, -11, 18, 1900], [395, 209, -24, 24, 2400], [391, 224, -25, 18, 2400], [401, 206, -16, 30, 2000], [402, 204, -18, 24, 2800], [406, 205, -23, 18, 1900], [402, 213, -14, 30, 1700], [406, 206, -15, 24, 2300]]",48
2025-03-28 16:06:58.639,"[[97, 64, -54, -12, 2500], [99, 68, -53, -12, 3100], [99, 76, -54, -12, 3100], [95, 86, -55, -12, 3000], [94, 98, -48, -12, 2500], [86, 100, -66, -12, 2200], [81, 115, -46, 12, 2300], [106, 95, -52, -12, 2500], [82, 118, -48, 12, 2500], [93, 115, -47, 12, 1700], [88, 126, -41, 12, 2300], [86, 130, -48, 12, 2500], [83, 134, -54, 12, 1800], [103, 165, -37, 12, 2000], [106, 168, -37, 12, 2700], [108, 171, -39, 12, 2900], [109, 174, -43, 12, 2400]]",17
2025-03-28 16:06:58.733,"[[74, 97, -50, 12, 1700], [95, 97, -33, 12, 2500], [100, 98, -31, 12, 2400]]",3
2025-03-28 16:06:58.834,"[[100, 72, -47, 12, 1700], [99, 93, -34, 12, 2300], [105, 91, -34, 12, 2300], [114, 87, -34, 12, 1800], [107, 99, -42, 12, 2100]]",5
2025-03-28 16:06:58.933,"[[94, 47, -80, 12, 1700], [105, 91, -35, 12, 1900], [104, 99, -35, 12, 1900]]",3
